climb (bestNeighbour 5) replace
6994.963
5859.119
5405.6626
5076.0015
4887.4224
4611.8213
4517.037
4394.848
4323.2725
4249.1274
4191.9146
4138.1694
4113.8105
4019.8267
3958.9592
3896.3691
3825.293
3807.2002
3778.1187
3733.444
3733.444
3709.2673
3695.6943
3646.7104
3632.7815
3601.873
3562.8333
3547.1145
3523.8364
3511.6143
3462.0999
3424.4114
3408.5237
3398.5044
3390.1104
3369.2761
3361.387
3361.387
3335.0042
3318.781
3312.9487
3302.0881
3295.0002
3286.0925
3278.0234
3276.6548
3275.5073
3270.9304
3263.159
3263.159
3259.1094
3251.3035
3247.9324
3247.9324
3222.9875
3218.1418
3218.1418
3197.6519
3178.6824
3169.8535
3159.5334
3133.9033
3110.277
3102.1726
3102.1726
3102.1726
3091.3962
3090.6555
3081.376
3080.1824
3067.1287
3065.607
3047.0476
3047.0476
3039.1477
3039.1477
3030.6563
3030.6563
3030.1343
3006.5898
2994.6514
2994.6514
2994.6514
2993.6719
2988.159
2986.1526
2986.1526
2961.8755
2949.6274
2949.6274
2943.9856
2943.748
2939.9832
2939.038
2919.831
2918.5835
2907.918
2907.6638
2907.6638
2897.6816
2897.6816
2897.6816
2897.6816
2897.6816
2892.8828
2890.6287
2890.6287
2887.502
2882.5947
2882.5947
2860.5645
2860.5645
2857.2544
2857.2544
2857.2544
2857.2544
2857.2544
2847.4304
2847.0454
2845.6604
2834.414
2811.0051
2809.088
2809.088
2809.088
2809.088
2809.088
2809.088
2803.6357
2789.045
2786.239
2782.6963
2778.8882
2772.069
2772.069
2772.069
2766.206
2766.206
2766.014
2766.014
2765.6738
2765.6738
2754.583
2748.3835
2748.3835
2748.3835
2746.3806
2745.0574
2740.7588
2740.7588
2737.5994
2737.5994
2737.5994
2737.5994
2737.5994
2737.5994
2735.8193
2735.7813
2735.7813
2725.3398
2725.3398
2724.4043
2724.4043
2720.4807
2718.6304
2718.6304
2718.6304
2718.6304
2718.6304
2716.2173
2715.938
2715.938
2705.861
2705.861
2705.861
2703.7979
2701.9648
2701.9648
2690.7385
2689.8462
2689.2302
2689.2302
2684.7898
2684.7898
2680.888
2680.888
2680.6252
2680.6252
2678.8228
2676.0444
2662.3901
2661.4424
2660.0754
2660.0754
2660.0754
2660.0754
2660.0754
