climb (bestNeighbour 5) replace
16239.597
16132.796
16036.997
15987.066
15802.764
15570.361
15360.004
15195.287
15029.422
14994.273
14800.832
14646.845
14604.724
14555.583
14486.943
14408.324
14330.213
14233.663
14233.663
14228.466
14208.44
14197.313
14197.313
14197.313
14197.313
14194.788
14165.704
14008.738
14000.67
13866.364
13822.263
13755.856
13735.911
13722.147
13711.118
13577.036
13524.77
13522.123
13517.947
13506.063
13471.984
13452.197
13330.73
13282.52
13272.937
13272.937
13254.748
13254.748
13187.378
13157.348
13154.773
13147.385
13147.385
13075.527
13041.204
12958.385
12907.85
12898.016
12880.439
12840.745
12840.745
12806.927
12760.137
12736.875
12713.939
12713.779
12708.161
12669.767
12617.667
12609.774
12606.626
12567.377
12564.301
12557.823
12552.654
12514.05
12464.3125
12434.098
