0.0
31081.438
30948.168
30712.973
30552.469
30504.541
30418.996
30406.703
30285.928
30187.883
30051.844
30002.697
29760.389
29729.666
29692.695
29580.514
29543.014
29524.87
29498.826
29439.42
29283.451
29264.455
29257.555
29199.86
29165.264
29068.19
29068.19
29068.19
29012.031
28999.871
28999.871
28856.477
28786.766
28635.709
28632.83
28529.848
28419.37
28356.703
28298.822
28204.725
28199.875
28128.951
28066.537
28015.73
27951.63
27951.63
27944.648
27893.463
27893.463
27791.918
27791.918
27669.842
27669.842
27665.932
27665.932
27573.467
27536.469
27521.916
27435.307
27435.307
27407.604
27268.521
27193.246
27175.547
27106.018
27093.307
27093.307
27060.441
26998.59
26954.344
26948.188
26931.992
26904.479
26904.479
26828.307
26822.844
26730.605
26730.605
26718.883
26654.527
26654.527
26599.9
26554.025
26435.307
26435.307
26435.307
26427.738
26386.99
26301.533
26208.95
26192.373
26160.432
26160.432
26160.432
26036.523
25986.123
25975.215
25975.215
25897.043
25841.826
25739.863
25703.514
25703.514
25645.8
25566.77
25495.373
25438.262
25417.299
25417.299
25367.65
25340.53
25340.53
25332.266
25275.887
25275.887
25275.887
25275.887
25230.518
25192.57
25192.57
25192.57
25192.57
25192.57
25192.57
25192.57
25192.57
25192.57
25143.041
25125.762
25090.576
25076.744
25066.926
25061.09
24985.113
24985.113
24985.113
24985.113
24985.113
24921.719
24921.658
24877.361
24822.016
24791.785
24791.785
24791.785
24786.01
24780.455
24772.855
24769.53
24769.53
24731.133
24731.133
24731.133
24643.988
24621.63
24593.26
24593.26
24549.51
