climb (bestNeighbour 50) replace
0.0
5093.967
4950.1245
4820.1387
4709.495
4602.743
4453.0747
4381.606
4276.2676
4161.822
4042.4705
3910.0586
3818.837
3775.3423
3723.4736
3670.2734
3653.6343
3548.5518
3496.7798
3442.495
3379.2788
3338.5747
3267.33
3234.1563
3218.6682
3149.8098
3117.9675
3088.2876
3072.021
3012.3813
3011.1455
3002.1958
2957.5732
2945.7505
2932.3882
2915.501
2894.911
2861.2805
2853.169
2810.6533
2797.994
2781.3489
2774.3164
2763.4004
2750.9653
2698.462
2697.1416
2687.087
2640.857
2611.1545
2593.4937
2590.5742
2577.2239
2563.6042
2536.211
2515.8672
2503.588
2481.7249
2447.6836
2445.6504
2430.2385
2406.6038
2392.6477
2372.1533
2372.1533
2365.0066
2332.601
2325.3718
2324.2278
2321.106
2319.0767
2315.7395
2308.4983
2298.6638
2287.4976
2266.677
2263.2803
2249.0427
2243.7798
2241.9875
2201.8315
2201.8315
2201.8315
2194.2466
2194.2466
2189.6028
2178.8145
2157.8179
2152.0242
2141.5957
2129.4026
2128.8518
2106.0254
2106.0254
2099.1238
2092.555
2086.321
2077.5571
2077.5571
2077.5571
2076.2134
