100
1 82.22438 54.910767
2 55.20053 41.97895
3 96.14734 97.42105
4 60.21575 34.787865
5 63.22105 94.18802
6 30.759193 20.784258
7 10.304085 90.53696
8 32.17109 6.8479996
9 16.548801 14.635468
10 95.49605 33.783905
11 52.798454 17.37262
12 4.780327 66.93856
13 93.23715 89.0696
14 14.995106 14.928928
15 46.204018 27.493864
16 99.328156 71.192055
17 11.100479 74.38481
18 4.1743317 65.737976
19 11.784702 82.6294
20 55.752678 35.423412
21 73.26997 47.175365
22 64.4953 62.890255
23 73.46368 14.660973
24 44.5867 75.96392
25 34.955345 79.32223
26 53.78813 15.026272
27 50.480545 93.83827
28 72.9255 67.50877
29 97.269424 46.11073
30 50.80055 7.813072
31 8.778725 83.87167
32 95.08068 49.545868
33 45.69308 23.48162
34 4.0733757 13.9241295
35 99.32911 98.673706
36 60.432957 61.132908
37 68.215225 67.47842
38 2.4590988 27.214733
39 97.08974 30.464075
40 60.99837 84.09921
41 5.194416 95.85669
42 26.689278 98.81443
43 18.974382 20.955366
44 74.33451 27.442295
45 78.34909 40.90661
46 52.17074 74.11627
47 41.03389 95.24545
48 36.5494 31.01229
49 70.56606 66.448265
50 88.499344 59.559357
51 61.782402 90.60063
52 2.1841545 69.99033
53 2.0759048 53.20398
54 29.22783 23.290102
55 52.372456 73.82051
56 80.981445 10.187416
57 4.0928917 28.031923
58 91.658615 50.770817
59 45.538357 61.24247
60 12.860462 65.17463
61 99.68584 97.3806
62 58.412136 3.182682
63 76.83872 46.829292
64 18.445702 50.414104
65 79.34945 71.013336
66 90.612076 51.224766
67 34.900814 45.615788
68 52.828026 62.24214
69 82.20806 11.224186
70 2.509636 93.602776
71 79.553635 4.9559517
72 81.310486 83.46175
73 66.10752 92.33826
74 25.672964 62.260773
75 78.202995 2.7039146
76 47.550125 96.370056
77 35.417923 1.3133926
78 50.680832 4.918228
79 19.617826 7.939251
80 16.549911 57.161926
81 68.572296 97.74401
82 38.440224 31.671103
83 81.37423 67.51219
84 68.988365 79.13958
85 79.16755 25.45033
86 64.71625 98.23831
87 98.59126 68.04179
88 17.437527 28.259336
89 28.172709 7.671089
90 58.204063 11.308006
91 83.54882 15.786892
92 86.68268 58.551132
93 81.80776 91.94383
94 81.92341 19.458899
95 20.288197 33.46928
96 76.66015 44.421204
97 88.62833 90.05896
98 38.62046 96.34803
99 34.153572 78.55026
100 86.5955 16.456951
