200
1 45.107506 27.708963
2 64.382744 29.812954
3 60.5703 89.78927
4 15.364624 22.609404
5 56.321545 22.2148
6 40.72867 27.71217
7 15.249081 39.591022
8 92.67204 39.053825
9 27.95989 39.091423
10 37.111134 67.19798
11 78.64739 83.08765
12 39.803925 67.09971
13 4.8982277 99.79251
14 6.4543495 29.561026
15 46.940018 26.078232
16 57.843937 96.8938
17 97.20131 68.04493
18 3.5558243 85.054535
19 50.794006 71.37854
20 59.316063 80.924164
21 60.881004 4.824787
22 99.8932 30.331472
23 33.06509 64.56641
24 25.722572 73.15463
25 37.461388 39.617767
26 60.26068 93.85575
27 28.303612 74.98515
28 65.86314 27.70626
29 73.11816 11.936256
30 27.259293 57.62935
31 22.844069 86.340546
32 52.645016 14.981056
33 16.752048 38.546684
34 3.880558 97.40794
35 92.909775 14.489037
36 84.83484 67.31992
37 22.650957 48.25598
38 79.40825 56.850494
39 17.088093 44.522015
40 68.53992 12.026867
41 45.03907 40.29559
42 76.99874 17.997047
43 12.546932 65.85638
44 6.017044 61.7965
45 74.828865 37.31435
46 65.16863 41.251335
47 77.42177 31.468164
48 94.38685 1.5190887
49 51.6354 61.436283
50 2.110321 50.51305
51 97.41777 2.9334717
52 46.18956 22.155624
53 21.05707 65.91443
54 70.1106 45.227257
55 40.08107 55.011696
56 81.05165 98.71321
57 59.489388 38.97533
58 62.87897 73.72818
59 19.561258 53.327248
60 74.374 30.209692
61 68.800575 79.39583
62 73.84768 75.68355
63 93.818695 46.398335
64 73.76683 60.323692
65 26.201906 8.788124
66 69.23911 8.829075
67 13.994675 45.82798
68 39.104378 65.27262
69 35.484245 21.848623
70 74.85823 85.18085
71 11.485477 55.745758
72 46.30588 71.49719
73 18.568365 93.05061
74 67.69325 69.62203
75 7.8487244 68.94329
76 64.02027 81.13255
77 76.76562 14.49015
78 17.095871 82.33438
79 18.123337 1.692894
80 70.13046 70.381676
81 83.21327 2.9716797
82 60.561146 37.631615
83 63.243645 58.74495
84 93.29343 96.61107
85 2.1825294 37.514782
86 91.141754 25.932697
87 7.082218 89.8594
88 55.85874 24.874466
89 99.98416 84.9467
90 46.903572 21.49726
91 13.196724 54.305984
92 64.16548 46.52499
93 69.859535 73.99955
94 81.64503 32.20677
95 78.88504 67.92386
96 31.771406 75.90306
97 52.810402 45.77161
98 95.08666 75.66654
99 57.054367 61.92971
100 82.5551 97.499664
101 54.962677 72.85088
102 34.95653 98.26704
103 24.473614 79.44377
104 87.86603 37.03728
105 14.902309 38.642548
106 27.833694 32.91489
107 39.530724 63.536358
108 95.88872 33.76622
109 19.95878 76.664474
110 10.039726 37.629574
111 51.148846 82.78865
112 82.79907 73.57388
113 75.878235 22.465761
114 58.877487 63.390934
115 21.354134 84.070145
116 12.698551 96.12271
117 90.02683 37.898426
118 46.485874 9.06023
119 41.787342 94.014565
120 94.67249 91.081635
121 78.587074 48.378853
122 77.13577 74.069824
123 39.84014 85.39923
124 3.811634 94.11104
125 27.7927 91.48476
126 69.20712 95.284035
127 36.60025 48.148327
128 48.09526 20.368124
129 3.3340988 86.941696
130 62.716335 61.091003
131 1.8088608 14.586563
132 43.77096 66.66776
133 83.804 87.40312
134 28.147833 62.50549
135 93.35945 34.56614
136 24.701431 51.368156
137 21.117943 43.51489
138 88.09099 69.737946
139 26.03751 63.67449
140 26.83722 81.10595
141 57.12963 14.724915
142 53.01147 2.5183372
143 38.431343 41.607365
144 59.32109 76.34248
145 86.85655 97.90956
146 36.79251 90.22069
147 10.019131 61.462933
148 92.54531 15.068504
149 65.69561 26.196747
150 51.72793 39.411728
151 44.325333 8.289825
152 40.720238 43.193394
153 61.810123 14.392632
154 38.300735 58.44252
155 27.246197 4.967167
156 25.604534 29.833584
157 58.62353 70.48285
158 12.222637 94.40305
159 60.695366 26.215954
160 1.7541122 17.692398
161 76.411766 45.908985
162 45.252502 39.496616
163 97.166756 57.65243
164 54.150818 76.95075
165 10.153305 90.52031
166 92.92482 56.077347
167 47.827415 94.34531
168 50.478188 92.15641
169 42.696613 46.43356
170 41.260624 51.27031
171 59.760685 49.46481
172 32.03544 59.817947
173 52.48008 98.10341
174 39.33261 42.244682
175 94.00311 83.998825
176 41.988705 49.737602
177 5.008259 4.3292046
178 73.773254 35.40521
179 27.587366 51.40045
180 54.833717 36.457405
181 11.503544 23.964975
182 82.567924 48.701244
183 18.409 73.566864
184 36.326828 65.92579
185 81.80917 19.4135
186 75.04179 25.69612
187 46.79671 25.524212
188 52.072937 89.78775
189 61.267937 51.20963
190 6.558365 92.44285
191 38.380966 14.974022
192 27.734652 2.771389
193 36.615524 51.71727
194 56.235165 1.1820068
195 62.32821 55.533333
196 73.40806 26.204365
197 86.02591 79.3318
198 75.16499 31.62218
199 49.964146 11.334152
200 73.935036 50.276268
