2000
1 61.707573 83.63437
2 88.265854 88.301895
3 89.25758 69.00013
4 35.69146 86.53526
5 43.104855 45.66168
6 17.983685 59.432087
7 71.01289 14.819393
8 23.183657 9.836773
9 10.95789 37.234825
10 36.47328 33.78309
11 30.76878 19.766006
12 92.708435 60.524128
13 72.41434 61.192272
14 1.5640717 80.84706
15 45.3293 13.996365
16 41.412056 63.646935
17 62.983093 35.369713
18 4.444454 64.26264
19 31.168102 14.176357
20 56.69355 11.491024
21 47.31125 56.69604
22 32.01519 63.07573
23 89.498276 75.95348
24 22.272972 62.878128
25 63.978157 42.782207
26 9.962017 32.075745
27 53.416203 25.170565
28 76.040245 75.04767
29 94.09801 27.648157
30 4.728119 85.21685
31 27.001747 97.91269
32 64.6514 14.9033165
33 40.01705 64.34218
34 53.309696 41.714645
35 79.221436 6.5912666
36 38.80945 46.358887
37 22.290556 45.844963
38 50.693546 90.90132
39 53.067078 32.481735
40 76.82378 27.704863
41 24.184505 17.992561
42 44.292465 85.43927
43 22.825645 4.4340553
44 21.205544 90.92488
45 27.232166 20.047447
46 61.96386 94.27596
47 33.58896 52.580006
48 80.36255 96.65024
49 6.273075 96.11099
50 81.66638 87.41658
51 62.806725 52.906403
52 58.40345 2.724369
53 75.43615 63.570816
54 40.53633 98.17952
55 19.46975 40.05698
56 2.2873917 46.206596
57 52.797108 58.848522
58 34.579605 37.659615
59 8.420509 32.58412
60 99.38545 40.232452
61 42.68273 61.819958
62 35.938423 50.402702
63 32.590324 83.86392
64 81.813385 11.131226
65 94.578995 51.38458
66 69.457344 54.58521
67 95.78594 6.196041
68 58.46936 29.866518
69 15.999119 48.5864
70 19.631588 56.05655
71 73.497894 6.6670494
72 78.25708 53.75668
73 5.1196594 4.905941
74 79.596504 81.40029
75 22.593634 46.56003
76 20.042385 58.287743
77 45.16628 91.25384
78 3.8910713 64.64496
79 81.54036 71.77185
80 17.480457 70.19928
81 9.969879 51.874786
82 57.98797 17.913391
83 73.467316 30.123411
84 77.857376 5.2671432
85 78.22332 34.341537
86 60.07444 85.91722
87 3.2574844 56.92042
88 27.98096 64.25333
89 97.391594 82.17918
90 59.55741 25.53896
91 85.59535 34.292435
92 82.18596 46.01102
93 55.66992 73.26867
94 51.44356 71.51464
95 23.713902 62.211433
96 12.677078 75.112076
97 75.9187 81.5812
98 93.72748 12.971199
99 93.007935 98.42026
100 66.16063 52.947243
101 70.95938 71.8966
102 52.93855 5.8759537
103 6.9974327 73.99973
104 84.04784 39.313744
105 98.83447 16.377625
106 87.84825 29.029093
107 39.131393 54.28172
108 6.1012917 53.465786
109 82.73418 35.340958
110 10.811058 62.518127
111 96.55487 51.157948
112 72.471405 6.546612
113 80.62366 58.502266
114 42.44818 10.28754
115 21.20215 41.369923
116 40.418674 41.126286
117 58.08821 15.382412
118 7.928692 81.13559
119 43.941414 94.49724
120 30.265884 80.926346
121 69.54454 76.64376
122 56.107227 7.9177246
123 46.590363 29.775324
124 13.041332 30.705782
125 35.66266 25.018639
126 76.89419 81.10313
127 80.096954 38.948154
128 62.325455 16.244747
129 61.901436 98.491974
130 93.923225 8.866318
131 89.542145 68.62729
132 32.26168 29.247759
133 66.13635 95.294334
134 76.1196 2.1744614
135 92.78554 96.591095
136 91.27055 71.51556
137 88.815315 97.08392
138 54.695564 73.29859
139 27.139448 63.112293
140 58.31921 19.679218
141 83.06171 50.036716
142 97.79747 42.344322
143 3.2337952 84.20508
144 29.505404 99.481705
145 76.34564 40.048164
146 65.44361 37.76744
147 36.996025 39.09735
148 38.388817 87.03766
149 22.851168 60.89296
150 76.47488 72.78294
151 99.95972 64.102005
152 74.68689 47.953945
153 78.199615 61.569805
154 48.541927 43.94092
155 1.1803474 62.15292
156 5.569149 36.597054
157 15.477512 90.336975
158 54.384155 63.81489
159 30.24521 17.895126
160 96.074196 94.86627
161 6.296894 4.4480324
162 40.718025 52.634647
163 75.345795 65.16896
164 70.26595 30.455938
165 53.97402 17.928383
166 75.49373 74.27
167 30.377012 90.06247
168 71.57878 46.666206
169 51.54877 73.15764
170 39.62893 64.66876
171 91.1526 43.474648
172 69.855064 44.705887
173 53.47971 64.60984
174 73.15944 20.721848
175 98.0444 17.429253
176 12.620605 40.387894
177 5.5822945 91.894226
178 27.14682 16.647034
179 3.7749977 82.61136
180 11.08852 32.55008
181 65.4639 40.494797
182 38.34653 48.12599
183 78.19946 15.794655
184 7.033333 10.363785
185 69.45861 40.543823
186 30.089266 55.603832
187 96.51409 19.289207
188 5.44516 13.69223
189 40.576897 41.184544
190 11.981907 20.371637
191 80.59834 41.62292
192 15.920975 8.510651
193 69.590866 40.96044
194 20.401133 55.82695
195 74.203186 36.269825
196 2.8721504 28.934332
197 69.19841 23.755453
198 78.92209 18.902533
199 37.33414 19.160534
200 30.968164 9.741028
201 25.321835 12.486774
202 68.25384 51.32288
203 6.656536 29.027788
204 28.600039 91.41617
205 12.406635 70.42117
206 31.904095 19.361103
207 29.338491 13.900585
208 42.56572 63.869705
209 68.430115 93.719215
210 79.891975 66.108025
211 29.017035 71.48805
212 62.34977 29.347158
213 37.174465 53.34643
214 14.577904 46.433464
215 4.6590157 33.42261
216 27.203115 90.27484
217 16.652714 23.487133
218 86.050125 68.175186
219 9.112148 92.16208
220 80.772644 38.028206
221 25.523806 33.633415
222 33.434025 98.55236
223 18.140747 58.967484
224 44.11565 96.52996
225 68.022 27.6527
226 33.374893 55.918846
227 86.93972 3.3638878
228 29.171043 14.871941
229 83.89478 43.205265
230 50.48673 97.78281
231 98.56561 3.6526146
232 53.57599 70.08153
233 66.5388 63.69249
234 14.633591 26.57969
235 84.290985 47.857178
236 21.02007 70.87273
237 60.537228 47.208843
238 7.2601852 36.40659
239 62.93285 8.993542
240 23.266184 48.405155
241 89.29738 68.34013
242 86.47136 83.674385
243 8.066105 45.419823
244 54.084866 4.3443832
245 97.246826 35.028687
246 54.061687 55.098064
247 81.08915 16.461315
248 89.04747 77.98487
249 84.35213 3.287201
250 73.39735 13.365734
251 84.3168 14.6144905
252 29.085676 99.084015
253 7.9901924 4.1192207
254 26.793364 45.174637
255 98.2133 58.174385
256 94.9785 61.63067
257 26.345135 99.43974
258 29.553125 41.955574
259 83.71425 78.44279
260 95.77035 27.02023
261 41.312614 50.854885
262 23.619076 98.08197
263 25.210056 81.0365
264 13.198177 49.346573
265 8.843285 24.374603
266 34.77282 10.603371
267 93.67403 12.712257
268 82.59928 67.55539
269 78.18194 62.986755
270 8.24514 47.06207
271 85.3194 67.8059
272 97.006775 47.224632
273 88.01697 14.308239
274 54.213264 48.04753
275 85.75317 15.103699
276 34.50946 75.31487
277 42.1334 60.11538
278 92.65585 95.95465
279 83.66643 70.775566
280 83.79054 22.70173
281 71.697174 94.83947
282 82.42514 78.76951
283 19.74678 32.03098
284 7.8952446 62.468483
285 95.91553 86.224625
286 38.35217 82.98822
287 91.97047 34.109367
288 63.670593 79.72214
289 58.712357 45.81806
290 39.20385 39.801224
291 37.674202 68.135475
292 24.321012 59.97259
293 58.447586 97.25947
294 15.782856 12.314968
295 69.24018 19.724491
296 36.311523 38.46641
297 45.88993 18.649385
298 87.17148 92.81789
299 42.61583 26.773884
300 93.6322 49.578056
301 85.283325 50.50363
302 64.19659 29.58453
303 83.88658 35.117836
304 24.440012 64.31263
305 87.89496 16.089527
306 2.892006 94.759705
307 29.150776 30.466858
308 48.983204 65.178314
309 59.301952 30.841528
310 13.8712845 23.856606
311 13.231686 63.61584
312 36.26471 29.303211
313 76.30042 5.431072
314 6.2817345 83.257416
315 70.96971 10.350376
316 18.823898 23.633507
317 39.93383 78.69699
318 73.12561 21.036558
319 25.668827 52.363186
320 63.62822 48.83218
321 5.542095 3.1592712
322 97.59641 38.24449
323 92.178535 95.048355
324 73.2458 46.285774
325 42.118504 53.5151
326 76.91808 33.563972
327 16.613209 95.957825
328 98.27898 19.954979
329 14.037945 42.435966
330 43.773502 41.65803
331 28.29859 75.43243
332 19.427973 33.559334
333 41.611744 6.794945
334 55.663563 61.2145
335 89.700165 58.715576
336 59.09276 83.713425
337 68.63846 67.285286
338 9.231491 76.42224
339 74.58087 66.065346
340 32.616024 71.68772
341 96.547104 22.90348
342 8.198418 73.99146
343 88.90378 81.88256
344 95.67801 19.516716
345 37.113583 2.384735
346 41.698578 59.65679
347 76.39055 34.94217
348 24.152946 76.6122
349 53.487305 41.413166
350 15.907825 82.05793
351 1.4272232 99.999115
352 47.425877 6.8934593
353 19.53371 42.20279
354 90.64732 62.245876
355 6.809326 23.840263
356 11.027626 43.767975
357 8.279591 65.520325
358 90.958786 12.809135
359 43.030018 37.566105
360 89.89421 6.9554253
361 26.129206 86.42802
362 54.238205 81.68032
363 77.4115 32.591743
364 51.26951 15.792351
365 6.485302 60.471294
366 58.76465 1.0146751
367 87.53244 91.10112
368 46.134895 96.462875
369 99.14076 98.33412
370 40.92466 73.9149
371 35.69272 76.85704
372 4.1978188 9.844326
373 72.423065 44.76822
374 41.466377 52.80613
375 87.16411 36.569157
376 28.724955 81.67731
377 90.21535 18.011345
378 88.87498 91.704056
379 1.4114151 7.680458
380 19.228394 49.910492
381 52.36513 5.49646
382 46.16081 90.90714
383 84.742584 64.72041
384 93.82241 15.135784
385 85.64368 33.68135
386 94.265274 44.006584
387 11.977516 68.04504
388 54.623688 91.88243
389 78.41446 57.64426
390 59.58855 96.2449
391 18.158005 38.553513
392 92.02077 38.75568
393 7.964329 57.614002
394 90.0636 35.50636
395 78.47616 77.040405
396 5.1857643 1.8602524
397 50.64331 14.886482
398 63.674324 76.85479
399 54.91119 30.682476
400 27.575396 47.709984
401 91.43677 91.695175
402 68.13826 48.95583
403 99.05212 26.354103
404 25.724075 81.06001
405 68.82134 19.144695
406 7.580517 98.58209
407 71.971146 69.880615
408 59.400017 65.53286
409 92.89879 62.602287
410 18.504848 28.47516
411 20.733683 45.389122
412 99.92363 63.01023
413 16.752598 70.27913
414 2.893879 80.10394
415 50.332024 7.248909
416 32.36567 57.040768
417 7.3588257 21.937
418 87.72549 89.92452
419 55.63127 89.06151
420 31.186928 77.02465
421 17.02298 19.48113
422 62.448185 87.75734
423 85.96783 76.479004
424 24.40044 82.18905
425 3.9138489 92.62216
426 42.291473 60.129673
427 5.1073875 31.983427
428 19.35385 84.51869
429 94.51529 74.42645
430 12.761013 18.243145
431 82.67232 82.49785
432 8.47921 54.634262
433 42.19407 40.703552
434 24.013905 53.680298
435 76.88089 46.710953
436 47.80866 85.16255
437 34.46248 44.678223
438 56.04906 87.11885
439 8.8958435 31.710062
440 46.509647 23.54014
441 34.885044 38.188427
442 40.726234 6.890484
443 8.43684 15.60593
444 32.849243 59.939285
445 90.34943 37.226395
446 64.5629 64.51649
447 31.045078 93.13975
448 11.566586 95.57446
449 61.979572 8.446213
450 64.342476 71.211044
451 7.5007896 44.608566
452 4.3471107 42.571274
453 20.689821 93.079865
454 51.176857 18.16954
455 59.419975 16.74625
456 31.314032 59.288986
457 91.72282 73.09449
458 46.875984 69.66054
459 36.36541 18.232796
460 6.5737762 58.714783
461 61.761105 92.523026
462 47.996437 41.99582
463 93.94206 78.33165
464 30.329697 50.14249
465 71.21893 15.295223
466 14.227528 81.32255
467 43.61638 43.15523
468 25.530886 43.11878
469 7.9919167 86.63258
470 56.170307 81.997345
471 21.1258 73.26228
472 61.572453 65.05495
473 90.15587 58.354942
474 51.057896 7.970867
475 87.194885 53.98527
476 88.84506 79.40083
477 16.084015 10.712025
478 4.0429573 59.199677
479 97.990005 4.4415016
480 84.355515 15.686581
481 37.678345 55.673393
482 65.20111 74.560196
483 87.061844 81.69218
484 84.37954 63.104343
485 78.246056 44.62991
486 60.595337 33.228622
487 64.55513 52.7354
488 74.015594 22.15159
489 3.0432167 1.4168625
490 39.696003 31.92204
491 73.95468 32.929413
492 2.5386238 74.11442
493 47.817623 73.614456
494 42.214157 11.487053
495 42.763416 30.302778
496 85.229485 13.422939
497 95.91541 58.221226
498 44.25586 63.546627
499 10.173679 9.473637
500 49.629627 82.85692
501 16.07735 5.652443
502 41.017166 96.35502
503 48.262802 28.119455
504 54.112923 30.75981
505 53.2921 92.67688
506 27.97752 35.806126
507 37.339478 21.310373
508 24.824007 72.21562
509 14.234798 90.28653
510 8.830864 26.491373
511 72.26831 90.52469
512 83.12175 58.42846
513 14.653164 42.07382
514 66.04074 30.239553
515 17.305672 40.84554
516 55.023743 4.5554466
517 30.663208 92.13331
518 35.493378 87.249985
519 33.61409 25.998747
520 24.989857 18.719341
521 43.4915 78.259384
522 77.70836 80.45374
523 3.0394325 51.74868
524 30.856947 47.768013
525 71.71673 48.6118
526 31.773235 74.94332
527 71.59398 87.05588
528 9.525684 22.085241
529 68.8598 38.598385
530 52.394543 38.58201
531 41.001904 57.846916
532 85.343185 62.400772
533 69.19281 37.319603
534 44.20865 77.56539
535 74.12781 5.969883
536 20.638872 77.05772
537 4.47649 8.260139
538 24.740017 98.9697
539 46.4261 94.43849
540 81.894165 68.5441
541 33.153473 52.51916
542 35.546257 4.0034065
543 71.90905 21.759912
544 7.5909653 21.024267
545 78.37284 62.826496
546 32.700996 78.6221
547 62.336246 42.73423
548 7.5935707 27.551945
549 71.02759 45.03576
550 86.14147 98.27634
551 86.90391 31.760443
552 87.87013 82.84285
553 60.693214 45.418636
554 67.85402 76.50025
555 70.53494 77.00366
556 16.23442 29.6074
557 85.140816 95.6357
558 72.806046 34.79807
559 15.237354 80.59582
560 38.337547 92.368515
561 32.09453 37.389046
562 18.303364 85.74793
563 61.673553 98.39297
564 65.19871 26.870384
565 88.76858 63.164993
566 69.48303 65.818115
567 18.58953 88.01228
568 26.762411 91.8248
569 24.065426 74.7569
570 67.682144 78.50354
571 61.622818 45.073837
572 91.453705 92.03218
573 83.05002 74.96066
574 98.61888 13.831978
575 26.365717 78.073746
576 32.649334 70.14113
577 50.271866 88.82106
578 33.761887 60.02095
579 92.39581 65.731346
580 23.347494 1.0268936
581 61.114788 90.25391
582 67.312164 19.762276
583 36.50866 2.2627907
584 52.015602 65.95209
585 44.145515 12.572762
586 52.744972 47.286896
587 74.091324 69.1123
588 22.862389 73.09416
589 42.063057 55.66452
590 18.441643 83.71228
591 95.66908 52.6178
592 21.913317 57.524178
593 28.398932 24.269043
594 99.44993 19.814888
595 35.87506 44.239475
596 80.783966 20.876522
597 71.531204 29.97455
598 61.250267 7.030121
599 63.013855 22.015774
600 82.27641 92.45924
601 95.59945 96.677475
602 18.99518 67.40943
603 16.648685 90.074005
604 20.594324 96.36601
605 65.38342 85.19171
606 32.31598 51.34812
607 53.509766 94.662186
608 56.44882 61.53741
609 18.444248 7.294838
610 19.448439 23.921288
611 79.49138 45.557964
612 68.2088 89.33962
613 43.34609 38.178417
614 85.74219 18.343998
615 81.14473 87.71799
616 26.6747 29.112246
617 60.374054 62.204185
618 40.58548 87.8508
619 64.555145 51.933456
620 30.589054 82.681244
621 55.72159 28.802134
622 91.53595 18.316532
623 70.71917 96.33179
624 13.054478 35.062233
625 90.63179 22.575766
626 52.88672 48.73412
627 1.7269325 44.84184
628 43.943066 76.30206
629 73.87747 99.18033
630 23.628773 96.27471
631 11.785767 69.672455
632 3.1350136 66.44819
633 86.45797 29.106934
634 51.94533 18.921167
635 87.37932 81.35414
636 7.5475388 34.830948
637 60.452885 58.806225
638 59.08323 28.995468
639 96.466484 8.973488
640 12.300301 43.210743
641 91.068405 92.286575
642 4.650337 37.558064
643 78.18164 63.250977
644 45.103016 84.820435
645 78.73084 1.5254211
646 31.105513 91.78452
647 26.513348 44.139736
648 36.055576 50.727905
649 52.191715 11.177387
650 59.8502 21.713116
651 68.55995 17.340836
652 82.36456 34.456184
653 69.91827 11.502102
654 75.76486 31.39633
655 1.1245155 23.069935
656 87.41693 82.21292
657 35.267437 34.504444
658 95.10716 3.3144836
659 60.71826 14.135956
660 66.308136 3.4912987
661 39.306347 68.510506
662 86.25537 69.1163
663 97.35068 40.992447
664 24.79067 81.13374
665 75.36306 75.91322
666 45.64885 13.577751
667 52.936516 92.52345
668 80.01143 63.044453
669 66.39297 49.975777
670 45.190296 9.754379
671 57.393387 97.624344
672 51.415947 9.242458
673 10.495453 58.324043
674 12.890396 42.297894
675 63.955814 63.912167
676 87.25096 42.855167
677 56.903114 37.10329
678 43.837784 68.1086
679 15.751545 43.792496
680 76.03543 57.642868
681 56.546238 78.00839
682 28.498264 39.15183
683 9.500629 24.195023
684 23.356703 31.572845
685 47.610588 64.74251
686 88.9905 97.85277
687 13.025162 23.061777
688 26.850895 27.708824
689 71.739815 81.79027
690 73.90061 37.80727
691 19.187391 16.851738
692 56.273384 93.04811
693 52.52457 8.117245
694 18.322357 91.79021
695 28.337978 75.77315
696 58.55018 24.39841
697 94.73488 59.166935
698 91.06644 9.521656
699 2.1048164 74.7809
700 56.19755 89.03798
701 50.306015 3.820301
702 24.486721 17.223736
703 66.91131 66.229454
704 32.658943 49.034996
705 77.94987 47.841537
706 84.64967 7.272148
707 57.32742 43.57379
708 29.839918 76.87613
709 95.61199 13.40292
710 28.176397 72.57422
711 71.457954 26.061848
712 27.243889 25.74837
713 21.595741 15.677361
714 13.632847 52.772594
715 25.910711 81.190056
716 20.051758 52.75615
717 51.21841 74.90352
718 1.0309219 1.7761841
719 32.747643 17.439194
720 24.262821 81.857735
721 4.906952 42.38684
722 35.07017 88.90263
723 14.154789 95.377106
724 61.041 17.399666
725 28.022333 49.50342
726 55.13671 57.861656
727 84.088486 81.574165
728 70.20175 77.61745
729 28.691267 48.650917
730 98.11689 77.30147
731 66.76056 98.171555
732 70.52828 58.403305
733 20.613724 32.268963
734 57.30007 61.340477
735 89.26449 15.57436
736 43.612366 58.382988
737 50.85473 47.889927
738 83.05292 58.735283
739 82.42309 10.323452
740 43.07488 94.65765
741 5.4485893 1.9667854
742 35.048714 53.192535
743 11.486027 76.61632
744 98.34592 77.108795
745 44.01652 42.352135
746 26.737024 6.7576485
747 85.078384 48.13624
748 58.894665 12.84721
749 64.88264 8.633743
750 19.009214 89.88999
751 26.989225 44.793518
752 12.913151 43.46137
753 42.557503 62.623055
754 27.06458 92.70856
755 21.67802 36.291042
756 62.793427 88.00992
757 91.25412 22.253017
758 28.086014 65.536865
759 40.190575 51.935978
760 73.176346 37.21203
761 48.008118 79.45434
762 39.48767 90.50406
763 95.39708 94.97859
764 60.745674 95.69676
765 34.90627 21.990208
766 98.72903 18.244892
767 65.12664 85.014
768 41.382263 41.058865
769 85.49513 66.55996
770 66.93808 19.577389
771 84.775665 90.90996
772 51.68353 58.319275
773 38.639214 71.49302
774 4.001194 96.691895
775 10.070381 60.6411
776 83.326385 98.41042
777 98.39587 58.401443
778 21.399122 52.42299
779 82.240105 88.14426
780 17.232353 30.732872
781 60.18954 34.126785
782 37.433807 88.43426
783 72.411476 35.934525
784 17.936192 78.473206
785 89.45869 29.421
786 92.71345 35.00217
787 1.2061653 22.254416
788 69.75727 29.105791
789 7.4558372 57.266705
790 53.96757 42.532288
791 71.592224 49.15676
792 89.79781 92.614525
793 61.94886 50.324005
794 38.52688 47.879982
795 13.316776 4.2928963
796 49.686066 83.11342
797 69.65268 26.809488
798 53.408203 61.703983
799 28.90737 48.610233
800 41.706474 3.705101
801 93.53277 34.509727
802 29.440535 10.053677
803 71.561165 26.285265
804 7.2367287 98.943756
805 64.66261 95.47473
806 4.736904 61.197678
807 29.960758 96.9345
808 74.70943 81.78608
809 67.1551 31.63285
810 53.14939 52.215343
811 32.09522 74.29983
812 44.304863 85.59645
813 59.400795 1.2060776
814 55.485916 2.9213333
815 66.56185 63.271896
816 27.815456 76.612404
817 1.4815788 47.539837
818 95.4474 11.596008
819 21.251833 91.15995
820 67.6196 2.1536484
821 97.145836 67.43717
822 44.266014 25.48964
823 72.33046 24.604847
824 81.275734 70.358444
825 43.941135 94.60353
826 40.559925 5.940174
827 22.333572 29.78919
828 64.36323 27.232058
829 39.560318 73.64646
830 23.021631 93.6467
831 43.06405 71.22
832 45.543385 57.24751
833 41.484673 22.926353
834 5.914963 92.988464
835 31.97678 70.26137
836 88.55552 98.94269
837 69.77816 84.84585
838 48.25724 92.592255
839 48.436546 34.5048
840 69.556694 42.75994
841 57.130333 63.326668
842 2.5379028 86.83812
843 11.228916 18.665894
844 22.021769 84.853134
845 74.99017 58.292923
846 31.576256 41.019516
847 51.171814 10.803009
848 87.14675 45.50314
849 58.129932 46.69687
850 52.79666 8.858345
851 9.036636 12.956539
852 79.07344 90.30095
853 29.191023 6.1380043
854 62.74668 56.42261
855 54.939487 90.74835
856 55.85867 60.863297
857 73.382324 27.991533
858 32.712505 43.41398
859 21.381302 78.40169
860 49.10285 83.702774
861 42.496475 86.46255
862 20.82264 48.634823
863 37.30693 82.92126
864 12.84729 37.830257
865 38.448936 90.80167
866 27.496326 1.7045937
867 54.363403 27.338367
868 71.504074 7.8400154
869 47.242607 52.355152
870 76.570274 68.33224
871 92.56081 87.87645
872 92.839386 8.395325
873 1.1130066 27.17085
874 22.449963 87.73982
875 88.80615 31.597076
876 8.652523 24.381056
877 55.398575 3.8210068
878 13.844128 28.899347
879 51.824593 11.352215
880 38.61675 22.622883
881 68.065094 35.146606
882 16.07359 23.181574
883 41.10217 7.2277794
884 61.77438 10.892067
885 23.962166 78.89289
886 52.710674 80.1579
887 28.580404 92.60274
888 76.648994 63.978638
889 19.803291 42.473007
890 10.337578 84.86339
891 62.872307 37.671078
892 90.751755 73.984695
893 10.008446 85.56751
894 33.269737 95.68163
895 16.56958 52.70606
896 38.641068 71.44105
897 15.885292 43.25221
898 3.20718 56.896454
899 58.93709 21.033255
900 83.72638 22.976324
901 88.698616 40.00631
902 69.07526 15.127182
903 5.028923 46.348972
904 14.560909 43.592102
905 25.033493 60.096806
906 54.761497 14.122326
907 42.566746 77.23001
908 48.549995 65.30325
909 44.895065 80.37746
910 15.138775 30.026705
911 52.031166 13.776627
912 88.96351 80.43741
913 35.700775 88.663666
914 36.630733 65.395874
915 6.142597 31.061344
916 92.59317 24.767893
917 82.62096 12.527443
918 7.069851 21.562689
919 95.4159 55.17515
920 25.254726 61.110764
921 65.30989 64.46409
922 70.17782 16.527672
923 13.397182 65.054375
924 94.061134 1.771946
925 54.068405 90.59181
926 75.862144 74.23359
927 24.215324 20.75086
928 20.60283 92.05437
929 31.600536 47.49513
930 73.99437 3.9904556
931 35.394245 77.80348
932 9.006187 20.28969
933 5.028492 55.369736
934 45.98414 88.68216
935 67.23295 29.298306
936 95.84125 75.48678
937 89.12103 49.170242
938 12.986568 85.81506
939 12.925438 62.53549
940 81.2841 76.98503
941 37.869343 59.129757
942 84.77176 45.440514
943 41.940304 35.910286
944 17.41515 37.00013
945 43.4111 35.553627
946 34.4701 48.173824
947 5.107254 71.15909
948 34.235435 94.5957
949 90.0061 94.99573
950 76.41225 5.6197395
951 7.790901 65.19602
952 66.39167 7.0050354
953 39.164837 42.136417
954 70.54341 1.284771
955 87.69814 70.99483
956 64.5595 65.1217
957 73.92819 1.1737022
958 96.19469 53.72473
959 51.6144 85.47363
960 26.217411 9.940559
961 96.302444 91.03467
962 74.07382 57.481575
963 40.53795 33.646324
964 71.82292 10.090279
965 72.901794 65.254005
966 58.427795 28.217747
967 16.22586 29.399252
968 74.8479 87.81334
969 4.550617 8.580673
970 23.399609 3.835701
971 74.64571 71.4793
972 65.28483 91.23352
973 6.1967278 48.58885
974 86.90724 2.5381432
975 3.878559 20.100712
976 56.62149 69.198685
977 32.957626 25.82173
978 61.697556 31.939684
979 79.550446 28.157223
980 1.7544823 32.54823
981 9.4603 20.48968
982 30.1145 50.867672
983 92.178345 40.32138
984 59.1274 1.0833817
985 78.68072 11.4053955
986 77.792854 32.366512
987 13.693462 38.40772
988 39.57376 71.58934
989 13.811798 3.645897
990 13.084038 22.905228
991 69.92282 82.455505
992 43.592354 9.498627
993 90.163574 13.365917
994 31.338285 74.895
995 94.18727 17.710102
996 41.726505 79.6163
997 44.077217 59.22484
998 19.361082 7.7103577
999 29.229399 46.219864
1000 73.27902 50.369503
1001 62.297127 26.491379
1002 28.700888 18.76554
1003 30.307087 20.757719
1004 10.716377 37.520744
1005 21.883125 50.330887
1006 81.37307 80.39371
1007 77.70573 17.972797
1008 88.69316 37.172672
1009 73.980225 20.42425
1010 39.37487 30.059126
1011 85.18198 68.69803
1012 83.02134 34.505028
1013 61.87646 37.590042
1014 83.96383 73.582466
1015 22.234413 11.602634
1016 7.0326805 76.22311
1017 83.582245 75.19979
1018 38.19935 1.192028
1019 51.49883 93.359276
1020 79.95961 21.323372
1021 72.14618 53.171776
1022 96.358 87.38229
1023 28.723248 10.796116
1024 89.479805 71.783676
1025 35.683235 69.303696
1026 40.21353 24.79198
1027 77.55393 98.63321
1028 24.037603 66.50193
1029 33.098915 30.409937
1030 73.81244 6.7344246
1031 96.4201 91.39578
1032 79.374146 74.73207
1033 94.9397 11.73996
1034 69.43978 57.622044
1035 79.836876 66.88798
1036 12.585789 82.76787
1037 6.299404 49.28427
1038 99.453125 9.425724
1039 25.223845 60.04216
1040 92.986725 52.985996
1041 89.359146 63.061104
1042 84.11258 50.42468
1043 28.164198 11.629139
1044 77.782265 37.099106
1045 40.811035 93.66619
1046 33.717407 20.819908
1047 91.37764 28.678066
1048 80.953094 60.600105
1049 89.57675 92.88596
1050 83.23268 97.54088
1051 47.58771 54.504467
1052 48.816452 27.583328
1053 1.1670799 37.22872
1054 96.37271 57.619625
1055 10.267147 49.285343
1056 56.56492 41.590027
1057 70.37384 77.69455
1058 84.60998 86.882614
1059 78.28613 70.27493
1060 29.268223 73.12247
1061 1.6863136 23.617556
1062 69.176216 6.6756554
1063 70.60185 43.60967
1064 97.59111 13.151009
1065 20.976748 24.012106
1066 77.992584 90.81377
1067 9.071777 19.444466
1068 36.495857 28.499048
1069 56.314877 47.752274
1070 31.72595 4.156143
1071 15.422794 34.645763
1072 47.943287 64.28797
1073 95.59226 31.008379
1074 10.887043 26.869898
1075 83.989845 83.8967
1076 4.672062 58.36454
1077 13.832569 50.048122
1078 83.02441 15.808617
1079 4.3382683 2.2172203
1080 12.9146 64.26473
1081 73.64015 57.0621
1082 86.3988 79.65647
1083 30.57758 45.20368
1084 23.756636 35.911583
1085 84.31105 61.96031
1086 5.2700806 24.463135
1087 58.949276 97.0712
1088 13.919125 71.483765
1089 94.03795 53.25576
1090 69.36185 38.146503
1091 19.183739 89.99448
1092 82.94411 67.2802
1093 5.8785477 36.526947
1094 67.07721 42.36287
1095 55.215553 38.357742
1096 28.576677 38.84674
1097 88.17274 65.36602
1098 63.399754 41.41908
1099 69.45558 24.42629
1100 13.9203415 54.91859
1101 46.31119 80.568085
1102 52.995045 30.614792
1103 13.484028 18.519405
1104 4.309437 63.176598
1105 93.85755 75.84414
1106 59.319866 29.21752
1107 29.901701 8.272373
1108 55.273224 35.622787
1109 57.5851 4.022602
1110 91.18064 59.28968
1111 52.65783 33.341278
1112 94.0634 72.53201
1113 50.908257 28.090343
1114 31.157963 41.2136
1115 19.112917 51.571686
1116 44.82174 44.961597
1117 97.81303 96.66829
1118 43.57019 63.00507
1119 31.89442 62.75197
1120 15.762867 40.759907
1121 44.11308 86.159836
1122 10.282845 31.275534
1123 66.24269 92.66664
1124 79.921295 84.64869
1125 58.546787 8.495384
1126 77.18765 18.508755
1127 72.47613 84.71323
1128 93.422714 36.142517
1129 18.934439 67.283966
1130 12.672543 89.72029
1131 20.469568 66.31207
1132 58.89794 88.80049
1133 20.694597 17.11734
1134 95.29349 45.739815
1135 9.8992195 7.222622
1136 1.5976524 77.161316
1137 28.902466 52.005745
1138 79.7472 3.1845589
1139 67.73395 63.481014
1140 14.72691 38.21497
1141 19.684774 38.790592
1142 61.478363 58.770447
1143 30.805496 23.574547
1144 76.59096 68.438965
1145 50.287518 74.1991
1146 17.989353 64.56577
1147 62.891525 30.390165
1148 99.09452 36.147564
1149 76.680145 24.873049
1150 14.604534 9.663132
1151 40.007065 11.995533
1152 90.4442 97.51665
1153 43.27288 84.60994
1154 13.857746 34.85106
1155 23.63686 54.52188
1156 78.33562 8.882439
1157 74.39325 46.050148
1158 81.4126 65.83486
1159 20.907885 55.52202
1160 51.9513 31.289244
1161 39.395596 45.67252
1162 1.343216 51.659916
1163 23.024977 58.537186
1164 99.33613 6.311901
1165 47.29872 59.122322
1166 31.361286 28.380075
1167 93.94733 88.31716
1168 98.64213 28.072863
1169 41.003967 61.79929
1170 7.358219 76.87462
1171 47.513187 38.02491
1172 82.52824 29.122751
1173 1.0124054 41.66742
1174 99.59769 75.63223
1175 29.468807 19.607414
1176 98.77998 18.498573
1177 12.497341 30.599426
1178 3.62846 80.269775
1179 27.912174 26.169485
1180 54.085403 20.03269
1181 79.064026 42.93389
1182 76.472885 22.819414
1183 10.414646 37.402363
1184 62.310287 44.494514
1185 9.332989 95.452545
1186 53.12486 74.17711
1187 29.150599 12.466667
1188 81.43863 65.448265
1189 85.157776 65.40595
1190 98.671745 80.91767
1191 98.266266 66.377205
1192 87.55638 91.64103
1193 97.21243 40.325233
1194 52.379288 87.804405
1195 3.8820496 24.952663
1196 95.32562 29.064991
1197 33.48709 72.43125
1198 4.2381744 11.2216835
1199 93.42006 73.9482
1200 12.345745 91.45876
1201 79.78737 38.0654
1202 22.09055 97.75732
1203 93.29223 67.615875
1204 58.266834 69.16931
1205 3.8735313 7.719692
1206 75.131165 71.2617
1207 84.88913 79.23383
1208 44.346973 21.76541
1209 54.81641 71.29227
1210 38.28576 67.95598
1211 9.575367 50.20879
1212 3.1557655 9.648346
1213 57.59752 47.709732
1214 42.709797 82.91336
1215 27.059013 74.97719
1216 73.5876 12.467461
1217 70.103325 96.700645
1218 8.917648 74.51727
1219 94.07704 72.11342
1220 88.36362 84.161804
1221 11.446754 5.474869
1222 44.692375 60.569958
1223 89.60121 42.427162
1224 6.343666 48.635452
1225 8.755894 16.051682
1226 71.933044 89.241425
1227 2.8867493 89.91333
1228 83.50931 67.867035
1229 89.35097 66.291176
1230 40.401752 19.74199
1231 8.002743 93.10545
1232 6.7959137 22.318157
1233 92.57556 10.913628
1234 60.150085 28.34744
1235 93.24463 32.260674
1236 56.506718 30.075489
1237 54.251034 14.402946
1238 38.1472 99.65631
1239 45.229702 28.957363
1240 29.23796 50.190144
1241 6.6916084 78.70393
1242 91.55282 95.963486
1243 12.169842 4.463249
1244 28.728941 49.908722
1245 80.443085 2.8108253
1246 65.71248 56.95821
1247 90.58411 29.610577
1248 35.57019 96.02637
1249 65.79301 86.33783
1250 25.1546 45.149624
1251 30.621202 41.429787
1252 29.189856 43.149666
1253 73.37495 18.609074
1254 77.55443 26.9369
1255 60.285934 4.5326996
1256 53.60357 22.124187
1257 25.450293 85.99389
1258 43.959682 56.781666
1259 84.33563 5.752945
1260 96.83179 76.21116
1261 46.372307 5.089443
1262 75.78088 62.30254
1263 57.5956 1.1540833
1264 7.824196 45.69053
1265 33.71372 35.90155
1266 48.326878 66.80916
1267 7.620369 11.293293
1268 48.363483 13.735088
1269 61.627876 80.94664
1270 70.308 43.85115
1271 32.63807 97.79248
1272 84.90805 8.808861
1273 72.21842 86.885544
1274 12.485592 27.974857
1275 86.73265 8.638508
1276 67.70436 64.492455
1277 24.454988 15.701019
1278 39.242256 1.9101448
1279 49.310547 70.53126
1280 42.890957 99.51959
1281 44.241455 98.44229
1282 63.95543 94.55373
1283 36.57291 68.305695
1284 28.532923 11.118652
1285 20.232697 10.804501
1286 80.76202 58.74365
1287 36.342587 91.26776
1288 79.44959 72.723045
1289 74.639404 87.11891
1290 93.35356 52.6591
1291 60.534393 73.54678
1292 28.955097 71.662834
1293 39.410343 46.80168
1294 47.119385 12.069065
1295 40.735138 53.315697
1296 31.428734 9.364002
1297 47.25645 18.893614
1298 48.267567 27.342306
1299 27.067833 54.69295
1300 13.398022 89.73369
1301 44.235935 31.257996
1302 78.15897 99.04829
1303 57.417984 48.19026
1304 43.9306 76.26603
1305 48.207405 99.79852
1306 81.76389 31.83859
1307 53.534958 46.226578
1308 44.125675 44.68993
1309 69.30461 84.53226
1310 92.47731 88.662415
1311 21.614769 20.128166
1312 31.18113 2.8534393
1313 64.50867 31.906471
1314 96.706955 3.5836487
1315 47.792522 10.707882
1316 96.62851 71.80595
1317 84.00759 9.365849
1318 36.208202 16.85775
1319 22.828087 34.622078
1320 28.509893 21.734201
1321 40.805107 22.556112
1322 41.459217 54.254436
1323 45.377552 14.7628975
1324 63.35791 81.006836
1325 83.535324 51.7861
1326 97.85893 82.3703
1327 20.053188 2.0837135
1328 26.478523 3.1032143
1329 86.31583 87.050644
1330 55.884384 39.097927
1331 48.075596 99.29387
1332 26.110132 6.202511
1333 87.84972 13.6482315
1334 21.30944 45.18001
1335 65.41064 83.43265
1336 53.681564 74.70062
1337 2.5521965 7.5948486
1338 71.112564 28.953897
1339 51.526665 11.946983
1340 3.7821198 47.054024
1341 91.754974 62.949295
1342 61.98276 8.663055
1343 18.995867 42.47653
1344 17.667732 86.87286
1345 26.791498 37.971832
1346 6.693516 21.988981
1347 20.311422 25.28202
1348 25.239973 87.38375
1349 2.5752068 54.5922
1350 12.732899 53.590565
1351 23.104311 24.671017
1352 8.078144 95.24466
1353 75.03896 55.716553
1354 32.335846 5.19154
1355 54.00996 56.319168
1356 54.74735 37.447353
1357 83.822075 61.97284
1358 97.354675 43.97278
1359 3.2510262 67.64966
1360 86.921616 52.64241
1361 2.1671371 11.215336
1362 92.77902 52.698963
1363 28.98798 37.928547
1364 17.254642 82.90838
1365 56.543877 55.65597
1366 23.491806 21.444809
1367 7.028427 32.845287
1368 23.319384 87.240204
1369 78.01334 66.89415
1370 69.35607 43.374805
1371 47.695072 98.95911
1372 23.562195 94.90461
1373 74.77736 58.299416
1374 58.718666 29.957115
1375 21.714972 86.159805
1376 14.676716 62.286716
1377 90.96735 3.1219063
1378 37.019897 4.735737
1379 11.9431 18.391281
1380 66.89872 7.375145
1381 15.822212 69.90205
1382 45.168762 79.656906
1383 16.801353 86.122635
1384 81.05052 18.834095
1385 94.52513 96.284195
1386 48.040688 77.5467
1387 11.259312 20.06244
1388 37.947227 2.823677
1389 9.209248 67.57251
1390 5.227585 12.859547
1391 66.49131 76.51495
1392 17.847916 75.57359
1393 35.19969 48.96342
1394 28.412785 90.19508
1395 95.91454 72.79626
1396 79.475784 42.16806
1397 42.609818 32.1346
1398 22.095394 25.806799
1399 29.774027 81.77269
1400 9.057213 28.421167
1401 63.76839 3.5792084
1402 44.225822 40.844788
1403 60.642357 73.131386
1404 86.89442 58.98084
1405 79.15655 91.70994
1406 49.41981 74.9915
1407 36.749184 80.16252
1408 17.426174 18.345272
1409 87.586975 39.4833
1410 34.04007 13.768337
1411 74.151566 5.0714836
1412 14.321854 90.17136
1413 78.59003 16.976273
1414 92.835526 8.618069
1415 56.14904 38.37301
1416 20.138527 65.01653
1417 96.46686 9.957294
1418 5.6661034 81.273575
1419 30.16511 12.988483
1420 90.60103 4.847866
1421 50.312614 28.356203
1422 12.561718 11.1396675
1423 4.389904 62.21566
1424 4.1440887 34.16136
1425 62.86257 52.7802
1426 49.25628 12.844635
1427 86.79548 38.75325
1428 51.361927 98.30859
1429 12.185734 48.309673
1430 32.478058 91.44087
1431 27.065823 14.615398
1432 72.37831 66.68511
1433 66.40858 29.760708
1434 83.63715 2.48246
1435 93.6664 52.532406
1436 23.402538 12.855568
1437 1.0378494 57.442993
1438 72.71303 80.45499
1439 40.00264 90.10834
1440 97.5249 13.065342
1441 96.50379 81.62649
1442 25.229053 83.00789
1443 15.190392 74.10698
1444 10.674717 87.24589
1445 32.897972 7.575287
1446 78.605995 81.469185
1447 96.023544 82.5852
1448 68.179 20.91314
1449 73.47507 88.19824
1450 99.918365 38.676537
1451 62.386364 28.288145
1452 50.138905 90.41896
1453 7.210346 75.34167
1454 45.164055 88.44537
1455 51.104298 72.486176
1456 90.24979 16.005135
1457 58.907284 43.950623
1458 24.4221 18.70072
1459 98.21797 79.59708
1460 53.19757 42.557083
1461 16.872547 54.036213
1462 12.35957 61.1281
1463 28.928637 82.462524
1464 63.01661 75.83912
1465 71.010765 6.68034
1466 53.81553 48.42366
1467 24.000595 60.148308
1468 89.63083 96.52287
1469 16.036926 6.405514
1470 37.414486 10.5015335
1471 22.072704 19.643867
1472 26.170906 36.705093
1473 89.42253 33.41662
1474 56.51463 68.76213
1475 19.004368 68.68727
1476 7.296295 75.354004
1477 23.900665 64.17494
1478 18.250774 38.582077
1479 27.018429 81.04873
1480 54.76003 23.42574
1481 32.96308 66.03252
1482 50.103325 88.14952
1483 45.676315 73.94087
1484 19.974884 8.113842
1485 94.97853 46.207737
1486 7.707424 43.408684
1487 5.7754097 93.93399
1488 52.345963 62.991158
1489 68.674355 83.3182
1490 94.71695 21.15829
1491 40.090042 36.35961
1492 18.366016 11.857761
1493 58.85732 7.817238
1494 61.76743 42.76583
1495 44.856697 26.22521
1496 62.461456 49.475174
1497 39.854336 38.864014
1498 8.943615 29.696787
1499 73.5746 13.920506
1500 17.616203 60.23943
1501 86.96103 84.86655
1502 3.0937157 46.808235
1503 38.79417 41.927177
1504 35.36226 49.720284
1505 63.949448 58.42981
1506 21.213242 27.145807
1507 73.76167 22.749516
1508 78.301254 3.9390068
1509 30.630129 45.309254
1510 10.1273 22.424204
1511 99.69795 48.404488
1512 10.333477 65.97924
1513 64.94899 26.968742
1514 77.93391 10.902958
1515 97.53032 14.598114
1516 10.293858 41.3304
1517 58.650734 55.168068
1518 4.861305 75.2823
1519 53.954334 48.85902
1520 21.794165 63.988316
1521 34.125767 14.734695
1522 16.71566 69.39088
1523 91.70675 99.71324
1524 90.39433 10.886311
1525 40.709774 32.31008
1526 70.327805 36.34996
1527 90.36469 27.131956
1528 20.109562 81.97681
1529 70.87117 61.66562
1530 60.373516 67.04065
1531 75.921814 26.049496
1532 47.38492 13.027313
1533 42.518852 90.91426
1534 78.997215 23.443495
1535 78.45276 74.25922
1536 54.864998 24.086264
1537 14.031937 29.915981
1538 60.690205 15.720615
1539 54.181084 52.296467
1540 57.432568 25.281622
1541 22.856865 66.29849
1542 1.1011925 16.068275
1543 46.42962 47.987263
1544 74.097565 78.573074
1545 4.5819473 30.188068
1546 66.02594 57.7612
1547 24.890442 2.5460358
1548 17.773846 42.82364
1549 10.34082 4.2285156
1550 24.960432 17.285767
1551 88.73356 85.14899
1552 47.08275 26.351948
1553 55.92577 75.67745
1554 66.38196 47.22721
1555 97.12767 77.482666
1556 23.539568 70.12782
1557 4.6256256 62.79997
1558 6.0119057 39.312786
1559 87.99594 51.18628
1560 6.442299 67.575096
1561 95.37226 18.200634
1562 18.267002 28.639706
1563 31.164072 50.36248
1564 5.538807 43.909363
1565 51.6353 88.63027
1566 44.776566 7.029373
1567 42.5538 90.7294
1568 5.4113426 26.802639
1569 58.163624 50.697052
1570 11.763031 79.1087
1571 92.04271 67.03406
1572 29.800165 38.64118
1573 51.11157 77.58132
1574 9.496407 77.59812
1575 30.654081 77.13731
1576 7.581024 53.479107
1577 13.422016 63.983818
1578 42.601513 55.107998
1579 75.351105 60.81125
1580 24.812984 55.183006
1581 97.85086 59.82547
1582 40.254997 94.422
1583 39.170982 72.263916
1584 38.026596 57.14691
1585 45.45011 43.626873
1586 86.901505 85.739334
1587 60.643982 70.41478
1588 15.075977 83.82135
1589 11.835716 67.45592
1590 74.42395 54.489433
1591 96.09477 94.17766
1592 19.365797 53.234455
1593 19.571705 53.59001
1594 69.965904 59.68621
1595 39.837624 25.906502
1596 35.469795 2.355709
1597 89.89017 42.976902
1598 89.92825 9.948959
1599 95.792854 30.869053
1600 35.26037 56.45238
1601 42.083862 63.71738
1602 32.64164 56.92768
1603 3.5950432 81.6131
1604 26.851036 53.077538
1605 72.89846 68.343704
1606 98.535355 63.208225
1607 84.56781 67.44431
1608 57.03269 92.00238
1609 69.01506 95.09226
1610 22.723381 40.708965
1611 73.26903 3.5780563
1612 17.996506 65.40689
1613 30.813477 96.59953
1614 13.502457 63.046997
1615 70.02902 54.578297
1616 59.849022 65.69542
1617 91.07636 57.1117
1618 4.561882 89.87126
1619 91.847015 22.224144
1620 71.6709 9.308834
1621 72.81221 34.924515
1622 39.4714 60.551266
1623 18.606306 77.50574
1624 20.490454 44.695522
1625 69.25202 98.03314
1626 78.61445 78.20499
1627 17.802002 25.875708
1628 82.69632 72.26541
1629 36.436714 37.68155
1630 63.11091 82.742645
1631 82.797966 77.32691
1632 17.360065 35.439537
1633 45.255653 32.52402
1634 87.83055 1.2947083
1635 17.747784 36.146473
1636 43.39447 28.821259
1637 73.17088 52.004757
1638 98.41775 91.83302
1639 21.58658 66.74485
1640 32.97647 31.454155
1641 75.55059 92.21069
1642 10.94796 43.13555
1643 82.14303 24.229027
1644 37.62951 95.94333
1645 52.55282 61.626816
1646 33.010677 48.36139
1647 52.019455 8.13995
1648 4.3818817 97.26869
1649 62.584705 76.21997
1650 81.69241 85.945786
1651 12.066933 2.601223
1652 11.853806 67.80919
1653 51.91212 40.792892
1654 93.56565 47.18266
1655 68.1331 94.50113
1656 45.727585 53.198864
1657 44.459183 42.603985
1658 45.113476 79.66275
1659 70.0526 25.834915
1660 91.162025 68.82453
1661 87.66623 79.04094
1662 72.801636 48.694878
1663 91.979675 66.61098
1664 28.707218 79.95476
1665 94.71859 53.354942
1666 88.30477 6.997265
1667 90.66232 52.963364
1668 71.275536 9.447678
1669 34.821083 18.397202
1670 29.355879 14.098103
1671 44.229065 70.6541
1672 86.05275 37.633305
1673 80.57932 61.223587
1674 69.20446 5.123966
1675 16.96822 13.03006
1676 31.216084 5.4888687
1677 16.401058 76.34023
1678 55.13202 72.99881
1679 53.727676 54.41092
1680 36.76622 76.61512
1681 7.042076 3.5707397
1682 9.942707 7.659691
1683 18.58663 48.14442
1684 56.5966 46.65126
1685 79.40795 24.748447
1686 70.73979 11.217838
1687 13.436028 82.79353
1688 8.926476 22.62757
1689 43.921326 24.639984
1690 67.48599 58.219063
1691 87.218185 78.34936
1692 93.19418 82.221375
1693 13.024307 50.50806
1694 83.28378 76.70767
1695 66.41672 81.503586
1696 20.32603 77.340836
1697 50.23737 31.405512
1698 52.87562 45.80283
1699 88.639595 95.21954
1700 83.440445 20.388788
1701 16.034786 42.51035
1702 81.8009 47.01831
1703 86.37016 15.862667
1704 48.501713 38.880535
1705 19.909273 70.51313
1706 76.64615 33.47645
1707 38.26252 22.828472
1708 86.99012 25.08693
1709 1.5797844 73.97712
1710 9.401722 38.659634
1711 78.59111 51.294304
1712 89.6922 45.6686
1713 18.417038 33.706757
1714 50.548004 14.856632
1715 40.309315 25.95546
1716 59.466015 1.8670921
1717 56.724976 46.020096
1718 93.94155 89.594376
1719 68.83902 50.04752
1720 87.08374 86.64556
1721 46.394608 77.644615
1722 29.250265 29.935698
1723 4.9589157 46.17276
1724 24.170586 23.578226
1725 47.493053 22.096712
1726 16.029282 73.913414
1727 14.232811 2.5416412
1728 82.44168 81.3744
1729 91.76276 76.618965
1730 86.12474 34.4805
1731 57.393803 78.02612
1732 50.14777 22.735828
1733 13.616287 28.396845
1734 76.62429 80.26573
1735 91.35221 29.428495
1736 48.20793 45.371212
1737 68.876686 1.6544037
1738 45.601032 83.495026
1739 71.2529 25.21982
1740 61.930485 95.13536
1741 83.90024 43.13515
1742 41.09407 95.63797
1743 16.171658 21.565998
1744 57.18151 22.283024
1745 61.534874 32.90474
1746 74.06931 38.592598
1747 96.04385 49.825848
1748 56.9234 91.86612
1749 24.643875 98.264275
1750 14.0154915 64.155716
1751 78.723946 15.753181
1752 92.20604 62.84146
1753 45.381 12.679508
1754 17.273361 21.06049
1755 49.4535 89.84761
1756 92.26181 28.903412
1757 54.85904 11.489452
1758 94.33177 8.056541
1759 48.52335 84.588905
1760 7.3149986 16.11869
1761 53.59568 57.636456
1762 90.56609 57.33675
1763 69.85699 6.793831
1764 50.706345 95.31396
1765 71.244255 85.627045
1766 22.58019 77.86393
1767 8.334 7.8091316
1768 88.10037 79.489265
1769 73.19585 17.450241
1770 1.2916222 90.002205
1771 47.293404 54.60382
1772 23.427881 19.57773
1773 19.117561 54.54458
1774 81.43016 55.391678
1775 11.842518 92.90991
1776 14.35273 49.715572
1777 28.42385 53.982113
1778 86.928314 90.32989
1779 43.762173 55.30924
1780 42.612972 75.76914
1781 5.4126205 41.424423
1782 79.01612 44.990936
1783 73.92548 15.803257
1784 68.91654 75.89843
1785 72.77105 88.89073
1786 83.24518 11.824665
1787 88.20546 26.85921
1788 2.442566 2.1321907
1789 37.44923 5.79245
1790 63.81953 75.07538
1791 22.734552 64.05666
1792 22.568752 59.650566
1793 82.0668 7.81345
1794 40.742905 81.569954
1795 18.927113 1.4619141
1796 3.0809593 19.148455
1797 95.286064 27.092981
1798 63.414017 15.741268
1799 92.94527 25.494328
1800 53.187096 98.553345
1801 57.260727 13.81913
1802 59.707157 57.852947
1803 60.239 96.1322
1804 22.40238 5.6883736
1805 78.232605 40.961655
1806 99.69524 78.54646
1807 83.20494 37.033264
1808 45.375458 69.70082
1809 90.8071 94.11845
1810 18.800291 19.618233
1811 42.10886 23.113445
1812 41.798782 74.70949
1813 96.13283 41.673935
1814 75.79826 25.160496
1815 8.803673 59.299778
1816 60.444252 13.372997
1817 78.32948 79.38629
1818 95.35428 52.51084
1819 75.66519 69.27593
1820 78.05967 86.09354
1821 46.207775 63.402493
1822 26.785408 55.00717
1823 63.115734 74.1808
1824 95.69723 58.088696
1825 33.09542 10.849842
1826 5.591709 27.34432
1827 5.6394005 21.827717
1828 96.64732 90.513824
1829 68.89404 25.1159
1830 86.9853 81.91337
1831 18.429825 55.4023
1832 11.497276 37.187843
1833 45.033714 10.508854
1834 96.29897 36.24439
1835 36.044594 74.997986
1836 49.885113 1.4091339
1837 89.884384 70.61994
1838 84.31868 5.0104065
1839 77.67309 5.098297
1840 48.80508 56.10064
1841 20.925669 9.706047
1842 22.58405 50.936825
1843 25.543308 54.17518
1844 85.82814 37.781548
1845 70.49806 85.696976
1846 16.328804 14.6642
1847 37.75955 35.68391
1848 30.265553 21.21434
1849 58.102776 21.927849
1850 22.060986 46.396095
1851 11.687927 70.20391
1852 18.26688 1.0084
1853 36.75045 89.60484
1854 67.040665 57.40319
1855 52.805843 95.95251
1856 76.18217 26.88649
1857 31.266865 91.232704
1858 33.416634 33.201492
1859 69.928986 61.33773
1860 38.00994 94.26863
1861 10.904877 48.56479
1862 88.69328 66.20298
1863 49.84838 73.106186
1864 77.01434 36.03859
1865 4.7707787 49.536255
1866 18.317715 6.0466385
1867 95.98213 12.810047
1868 30.129053 37.380196
1869 65.4826 36.638687
1870 69.81677 71.75775
1871 19.11024 36.339577
1872 99.835175 65.27562
1873 8.650833 64.787964
1874 75.42948 80.925186
1875 36.718204 81.26348
1876 46.775967 22.676249
1877 31.560265 1.5084
1878 22.526249 92.324265
1879 39.115 48.987835
1880 62.912395 77.98
1881 96.418594 44.662346
1882 63.88967 46.39655
1883 42.632393 33.653862
1884 41.26277 4.827137
1885 4.770294 19.510738
1886 43.098824 30.71937
1887 33.897053 63.414383
1888 54.72022 25.330334
1889 95.9128 5.2097244
1890 67.41626 67.40361
1891 6.250904 50.35476
1892 92.567215 12.666935
1893 65.63513 60.959076
1894 85.68184 66.56089
1895 74.48894 46.944035
1896 24.747908 16.138546
1897 76.31527 89.43777
1898 41.207485 43.844948
1899 83.113464 22.003256
1900 20.937792 7.3342857
1901 55.537117 6.9850426
1902 8.136257 44.122482
1903 89.412704 56.064026
1904 89.576965 72.51401
1905 97.99577 70.591034
1906 50.19245 97.35742
1907 47.879642 84.44327
1908 39.463806 31.003336
1909 25.806667 60.8974
1910 60.161827 8.096012
1911 55.42033 65.73802
1912 82.12157 20.856806
1913 10.814075 3.3741112
1914 65.48588 33.923843
1915 17.052437 43.80808
1916 16.281853 88.02458
1917 11.009747 42.839233
1918 9.833687 60.51185
1919 28.707426 87.34718
1920 79.61037 90.96497
1921 81.043236 63.51545
1922 81.551895 95.966286
1923 61.971558 49.217213
1924 42.36124 70.0139
1925 13.759724 11.887905
1926 81.85317 71.89959
1927 33.22238 43.465363
1928 65.21837 79.776215
1929 87.86822 59.61194
1930 66.30874 38.16448
1931 82.140594 46.96044
1932 81.46651 85.35773
1933 16.620758 32.52791
1934 22.721914 41.1315
1935 79.94146 37.935482
1936 74.44997 78.97916
1937 18.540777 90.8775
1938 16.489998 83.42726
1939 14.032043 74.61429
1940 16.319103 65.67202
1941 8.239845 95.91538
1942 74.29381 21.722937
1943 9.091736 70.90246
1944 83.64584 71.343765
1945 28.794842 74.71044
1946 63.279663 85.02429
1947 49.59361 27.649893
1948 54.958305 56.357452
1949 1.842556 24.338966
1950 73.56948 41.708977
1951 62.42905 96.27307
1952 62.892624 11.271797
1953 47.28002 50.12117
1954 28.651764 92.53601
1955 20.595806 92.03769
1956 69.05832 79.29361
1957 79.72273 18.642086
1958 52.179707 30.571764
1959 5.0942345 12.409096
1960 86.75215 87.93703
1961 70.72495 48.777374
1962 43.14315 44.58271
1963 33.635902 49.18615
1964 96.74756 88.79695
1965 44.980907 28.974932
1966 46.623634 45.938465
1967 43.409824 35.74758
1968 83.28775 35.062576
1969 56.557064 46.27018
1970 83.144936 20.766668
1971 62.30194 76.91173
1972 50.690815 21.137253
1973 9.515522 23.637749
1974 57.508728 3.8096466
1975 1.46809 13.596603
1976 50.350147 2.2704735
1977 52.153515 6.7269897
1978 84.264305 19.7772
1979 77.65616 23.25468
1980 53.206528 52.023506
1981 95.36713 84.115524
1982 99.504524 69.12487
1983 70.14752 75.30029
1984 43.40939 40.845745
1985 17.92997 51.31762
1986 21.17399 39.941246
1987 13.57848 11.012829
1988 66.139656 11.537636
1989 76.53242 35.54145
1990 9.009613 93.95268
1991 19.350607 31.217525
1992 92.76493 81.48152
1993 1.21838 44.707813
1994 51.24247 58.818832
1995 14.362743 97.49248
1996 43.500637 31.646828
1997 60.878494 17.72271
1998 4.1954536 26.162117
1999 10.090736 74.73873
2000 68.58871 35.89039
