3000
1 15.132366 51.56715
2 22.655533 22.57977
3 7.505848 83.399345
4 91.48317 66.87326
5 55.453938 24.293232
6 89.56273 67.18055
7 64.33951 85.23543
8 90.42044 61.249336
9 94.94113 55.74916
10 5.851265 18.97092
11 25.363832 55.5097
12 25.427996 33.021236
13 47.11819 64.0916
14 69.28532 45.076298
15 57.1934 86.100006
16 60.880646 58.616226
17 67.52753 10.133381
18 50.227776 73.17413
19 33.57811 88.550446
20 71.64506 27.389572
21 15.621441 8.666092
22 69.12142 35.06404
23 5.3051453 83.55751
24 79.32269 91.79797
25 57.318336 76.346405
26 9.697704 7.2890625
27 91.72165 97.56696
28 40.45809 30.507399
29 83.41476 69.932175
30 95.73326 99.68694
31 6.4317703 3.4283333
32 85.16674 91.20003
33 53.596996 43.30755
34 40.973476 73.20354
35 40.902332 59.877655
36 31.761091 93.16745
37 14.332272 20.882717
38 76.39859 48.616943
39 64.9773 58.613754
40 78.481125 53.207897
41 13.843029 77.23379
42 59.71548 31.195202
43 85.24582 40.205814
44 77.751686 46.597946
45 39.719135 22.056427
46 69.04091 39.18297
47 80.15582 11.484348
48 92.766495 33.94708
49 26.855602 14.58062
50 93.500626 65.61408
51 48.88615 80.00104
52 65.08931 75.43518
53 94.00846 44.3773
54 15.691978 70.53937
55 80.26329 62.907124
56 17.72633 57.547497
57 4.4026184 75.55618
58 87.30108 57.673965
59 8.9156685 84.938446
60 46.77554 23.896889
61 9.085117 53.083706
62 66.2279 12.897434
63 3.596714 85.9646
64 54.055332 85.66112
65 74.96155 68.00716
66 56.01319 98.44637
67 62.245472 30.281187
68 74.63376 40.934525
69 80.658905 50.871964
70 10.23156 3.162449
71 33.123375 93.36063
72 95.03787 75.84643
73 45.51026 36.0414
74 32.384857 13.963345
75 82.184296 89.4176
76 37.430138 97.770355
77 42.451073 17.217426
78 66.57849 89.81418
79 45.543476 62.63421
80 46.750282 31.456821
81 18.53013 17.198841
82 56.25964 36.137394
83 67.32688 83.26081
84 38.06103 25.14163
85 64.261955 22.914581
86 53.913628 51.126225
87 61.98022 50.766903
88 52.339226 11.711941
89 71.94098 30.611904
90 15.639488 18.4483
91 60.570663 24.196083
92 73.920654 83.72396
93 63.521774 53.929867
94 81.49596 63.6012
95 88.8293 52.21167
96 33.843895 21.42207
97 97.043465 26.65066
98 46.558952 34.117283
99 72.49103 48.17239
100 90.54054 77.54531
101 76.91223 87.32661
102 83.00729 34.724304
103 6.4041176 24.694271
104 35.382538 81.044945
105 42.85178 97.21025
106 35.984745 21.496773
107 70.87008 63.70306
108 5.297825 2.070465
109 45.332924 60.653946
110 11.627232 74.00563
111 73.996574 24.738688
112 57.361702 68.69905
113 83.36163 21.301716
114 73.4384 17.42308
115 4.37904 5.5913887
116 12.877003 16.592644
117 59.23607 48.642498
118 93.17084 96.760666
119 34.50821 39.06061
120 15.050377 54.567688
121 61.828056 72.20857
122 90.1136 64.18377
123 53.34947 11.437298
124 29.017502 35.101036
125 31.771212 39.064598
126 15.993416 45.329082
127 84.511856 37.139557
128 22.520708 27.522957
129 56.54762 39.733124
130 84.27903 21.512964
131 46.86769 96.87167
132 65.634834 21.830557
133 58.888557 61.61367
134 95.586624 18.959267
135 88.68022 6.9864388
136 42.000008 53.794025
137 58.006466 68.29665
138 39.773052 90.65086
139 13.828262 79.00637
140 75.77074 26.369356
141 53.864403 19.261713
142 31.535118 86.784386
143 61.147854 43.476707
144 5.175003 57.561707
145 74.604935 67.47975
146 10.352184 62.855316
147 60.765663 50.972076
148 91.77626 22.448296
149 35.80037 1.3793259
150 25.513298 20.704992
151 42.168663 93.35126
152 56.9656 21.056955
153 88.50769 54.295208
154 97.133804 93.04638
155 44.28447 57.204353
156 49.156536 6.139477
157 16.126053 89.04735
158 16.187729 1.493763
159 10.492336 6.655163
160 77.708176 17.614056
161 56.094242 73.78576
162 21.976557 47.219513
163 38.76639 4.162163
164 63.816135 58.740738
165 54.23986 2.5177765
166 50.218468 66.40974
167 34.450504 99.66049
168 86.37039 35.00174
169 52.218586 68.275154
170 61.935608 72.79242
171 72.25272 64.75966
172 95.55415 81.87504
173 9.269253 76.63674
174 13.900005 7.0997734
175 58.186794 46.0616
176 6.962826 36.63382
177 52.424747 31.781866
178 37.041023 95.581696
179 46.10192 12.950878
180 99.02018 23.17232
181 77.88776 53.22737
182 74.030304 12.98325
183 8.716461 80.35543
184 86.67662 39.902035
185 15.722939 58.531876
186 37.1856 67.65862
187 13.486103 67.567795
188 96.46953 20.034542
189 83.93095 9.315712
190 27.285467 19.639046
191 4.736492 12.664066
192 89.73155 89.96016
193 41.060043 44.08407
194 61.43914 20.094757
195 75.327644 91.0296
196 33.93306 39.449234
197 16.525833 89.36535
198 37.87727 70.57037
199 42.37726 47.793243
200 67.61909 32.668587
201 32.498306 2.1118011
202 38.157463 21.418814
203 63.30297 40.385998
204 56.87133 81.95981
205 9.3462105 90.424866
206 95.37092 29.013638
207 68.403885 12.654957
208 78.45493 43.66918
209 24.533142 63.899773
210 2.6966171 86.33247
211 6.717224 14.913525
212 52.356377 36.6475
213 67.01 39.78363
214 93.28156 17.438457
215 73.9635 75.44226
216 64.82779 53.80247
217 54.88823 52.271145
218 30.289318 28.561632
219 22.479712 81.975075
220 35.39954 40.325294
221 43.32139 73.57147
222 38.59782 86.64062
223 18.000889 97.61522
224 17.859001 41.942
225 32.62873 83.29492
226 41.0541 14.338596
227 37.9033 53.14008
228 26.237686 51.137325
229 84.54741 78.130104
230 16.687038 27.559717
231 71.930145 60.893696
232 4.2617836 17.296776
233 16.351658 80.04638
234 10.963234 47.993618
235 69.05767 22.943707
236 89.42952 33.790012
237 71.259544 90.04776
238 83.18815 92.10004
239 23.023968 68.50616
240 26.221962 63.956093
241 4.979397 35.804535
242 93.97129 74.00624
243 46.032104 24.094728
244 47.64736 22.604753
245 48.58163 77.997856
246 80.47465 94.00778
247 33.739994 95.004585
248 10.865349 59.930874
249 53.143085 8.778976
250 58.7567 16.369888
251 32.23082 67.42702
252 2.0499878 69.7271
253 4.292145 48.25507
254 88.79231 6.556343
255 79.80698 68.53799
256 7.4444313 58.466244
257 35.886932 75.3311
258 49.36315 31.764767
259 36.296265 83.86417
260 17.374454 76.74705
261 4.8490257 57.469505
262 58.331253 76.47946
263 71.65047 14.071907
264 18.880358 32.79093
265 98.484695 1.5459023
266 11.713097 38.717354
267 29.506794 55.775005
268 96.87875 87.51226
269 90.72031 91.544464
270 66.10498 88.6297
271 55.737446 74.587746
272 13.888462 85.28495
273 8.252224 84.6443
274 34.8884 66.68038
275 40.059322 84.0629
276 92.11312 7.4654846
277 8.934467 16.08648
278 12.189846 22.873333
279 22.231733 26.58893
280 67.12908 72.04063
281 93.951546 48.65474
282 52.077408 55.005196
283 68.31056 68.34345
284 61.923515 86.58281
285 59.776554 56.327385
286 3.9800186 57.525887
287 84.459335 33.87494
288 46.965557 68.516235
289 57.589287 1.7524109
290 99.910904 76.02934
291 31.828947 67.027176
292 14.84967 29.990158
293 36.043446 35.278698
294 78.83288 27.832653
295 67.81166 50.365913
296 98.91826 95.42462
297 53.3524 52.420017
298 18.51953 70.23865
299 68.54381 27.589853
300 9.87896 56.220825
301 29.690567 27.070965
302 55.641846 8.560413
303 84.820984 61.540627
304 53.11755 44.294144
305 45.155262 4.1266327
306 53.882748 70.783356
307 18.420868 61.509575
308 25.261278 87.630264
309 2.1220894 40.524876
310 15.804913 18.15495
311 53.771084 9.898754
312 56.01363 79.31294
313 70.77817 30.282255
314 43.002872 68.7616
315 5.137989 84.46883
316 47.71178 47.342724
317 79.53917 78.29618
318 5.7325974 31.805817
319 80.50063 93.23523
320 64.47096 5.0418587
321 81.25246 90.672195
322 3.0962906 25.190456
323 97.56256 90.462074
324 10.864193 2.7576027
325 6.008671 47.11395
326 8.517426 28.942986
327 27.35716 27.08355
328 88.404274 68.31818
329 99.73262 11.213654
330 39.512268 34.03862
331 42.35326 71.666016
332 12.527134 5.035557
333 97.18062 3.9222336
334 58.082745 28.477919
335 50.65742 74.274994
336 40.835888 35.72891
337 22.286865 80.623856
338 24.364815 7.092182
339 63.184227 19.996037
340 77.598755 84.48807
341 8.068119 67.61488
342 86.77594 33.28398
343 23.02909 58.38744
344 44.364876 29.32525
345 82.01314 5.2741356
346 35.998363 13.307949
347 6.4545937 44.123604
348 39.52298 24.511621
349 10.450207 90.1114
350 87.42442 28.139402
351 18.245651 27.551607
352 99.95265 44.943233
353 1.4607658 24.123898
354 81.199905 30.384253
355 80.79987 90.08617
356 62.972782 56.810867
357 65.83985 33.76994
358 77.54248 29.327919
359 51.26892 36.28299
360 16.25343 67.98938
361 49.593685 66.48811
362 1.4376335 27.956772
363 9.845818 90.347534
364 64.45094 75.8792
365 62.600437 97.76442
366 96.03197 61.799484
367 69.591736 43.13338
368 58.292908 53.612316
369 84.05175 35.82549
370 40.145737 21.324045
371 19.563208 2.654049
372 68.467674 91.09097
373 98.473724 2.2665558
374 54.26017 48.474113
375 15.587376 53.64166
376 29.149445 27.53387
377 33.641506 21.88176
378 61.500618 39.550694
379 7.9027977 83.220825
380 21.714853 83.76499
381 22.565317 19.090878
382 62.98459 22.881819
383 68.56349 4.614609
384 30.383545 41.270157
385 45.0805 55.049217
386 56.14366 10.492462
387 66.5593 8.14011
388 90.00874 30.230324
389 79.65941 40.21124
390 52.77152 78.31329
391 2.4292488 70.225174
392 1.4943237 9.3876
393 63.563137 31.272596
394 11.083389 8.541698
395 49.15054 92.10151
396 91.27431 31.825792
397 97.898575 99.478645
398 41.535538 78.18686
399 90.61149 24.220007
400 18.242039 90.041565
401 9.582077 65.0589
402 86.42322 45.331375
403 85.11673 99.3368
404 71.39973 52.50626
405 5.581852 20.587337
406 93.63779 13.913837
407 18.293457 69.32574
408 62.116417 63.767483
409 39.17713 4.589672
410 17.246906 37.220264
411 52.13877 14.012218
412 50.358505 45.569866
413 89.95715 86.426605
414 3.931202 16.551334
415 29.938 91.92358
416 55.90012 14.266598
417 4.5225525 76.007195
418 79.15831 56.1857
419 26.314617 61.71138
420 23.111977 94.98385
421 26.094646 3.2065392
422 50.16964 93.32874
423 94.12126 53.14379
424 85.40433 22.70574
425 13.175468 77.514786
426 27.413763 97.55286
427 35.35194 33.390408
428 7.3350105 50.82703
429 23.478765 11.130848
430 82.37874 88.65619
431 52.39615 17.166119
432 91.64122 85.37761
433 61.845993 71.180786
434 92.974014 44.046806
435 77.41497 37.082245
436 64.13668 40.544365
437 66.027954 93.23422
438 53.64214 80.73204
439 44.837856 16.373158
440 58.60321 16.815495
441 55.413605 24.745028
442 5.9920006 13.358391
443 3.7520943 96.24578
444 40.233124 79.88129
445 7.302536 3.4127274
446 32.725475 4.8462334
447 48.649555 24.885805
448 42.84708 32.171036
449 34.611958 94.63966
450 21.858912 3.9002342
451 33.80696 6.1374817
452 46.86337 89.30217
453 63.95736 33.818375
454 2.7654457 13.481419
455 66.5179 66.2247
456 37.318176 25.697084
457 15.971359 2.442379
458 28.6525 71.796005
459 3.993782 77.70329
460 50.778347 5.6251755
461 66.548904 99.293686
462 98.09996 72.814445
463 61.21399 63.20791
464 64.37081 17.49181
465 29.517437 79.3977
466 23.900047 55.99576
467 75.99279 79.689995
468 91.8557 85.94321
469 83.451805 13.954285
470 64.1884 65.19771
471 47.376587 32.222397
472 9.538815 22.177485
473 81.45778 21.058985
474 52.633007 97.84798
475 39.618275 45.351643
476 68.960205 85.977844
477 6.090164 78.62399
478 79.92517 49.14269
479 86.60913 30.182188
480 28.385546 86.965164
481 85.79303 61.989883
482 72.1658 92.17233
483 65.691505 42.282944
484 47.814068 38.017944
485 90.62097 22.321302
486 16.161572 29.349195
487 65.580666 12.051868
488 69.04711 50.84714
489 74.36964 64.66593
490 45.57402 10.829006
491 77.48969 63.83789
492 57.146023 15.054085
493 7.5148735 53.4944
494 14.969662 45.42283
495 72.83617 19.436665
496 55.165947 71.39138
497 64.944405 52.9004
498 66.28313 83.06604
499 61.197605 78.43934
500 94.355225 53.72284
501 3.165718 29.53165
502 68.631165 63.44172
503 21.558702 34.09295
504 31.842194 95.662254
505 81.01993 44.86896
506 96.93775 24.82333
507 14.949039 45.785725
508 47.52178 86.96324
509 58.01821 91.81879
510 68.26317 3.047104
511 90.99044 38.401993
512 27.381638 89.689255
513 29.533512 89.25373
514 42.905384 42.844185
515 60.32754 20.289345
516 76.43371 72.505066
517 24.329823 24.805721
518 43.170044 27.64348
519 3.1832886 65.37139
520 92.14421 28.673782
521 18.612093 27.817228
522 17.736763 89.260765
523 54.401245 46.40068
524 46.93552 81.83544
525 59.388577 93.10886
526 30.680147 65.018906
527 16.359306 74.1176
528 49.71237 22.473787
529 17.961525 25.924969
530 82.22982 9.388741
531 27.587616 79.89927
532 7.479656 36.230003
533 12.836391 59.571617
534 51.174816 42.287086
535 34.66534 87.04928
536 63.276737 15.234543
537 81.622826 60.297306
538 63.6704 99.285736
539 90.01368 96.98472
540 89.60993 50.795315
541 69.27661 63.179413
542 59.337574 30.55035
543 92.88854 8.065269
544 21.726662 26.88953
545 23.1129 43.49985
546 29.428257 6.1964684
547 6.494362 3.1207352
548 35.58844 70.48696
549 19.563513 8.924046
550 79.814705 79.61282
551 78.109955 58.026237
552 71.299065 43.90889
553 92.167816 20.364767
554 7.2677383 2.199894
555 15.044647 2.8484573
556 34.5871 88.48172
557 83.65997 57.45652
558 54.908367 92.42686
559 47.804146 61.334454
560 17.942749 57.27022
561 38.52485 60.206585
562 34.94439 77.38139
563 73.58163 52.733376
564 18.132984 4.3655777
565 97.87433 44.835594
566 43.58108 70.36423
567 22.599638 59.0225
568 38.900883 87.07982
569 4.377617 35.46174
570 45.54965 62.306465
571 61.171883 69.90997
572 75.48395 20.443424
573 16.274925 74.93196
574 78.87367 20.339336
575 58.18919 90.39604
576 16.97094 60.989902
577 19.538326 84.99695
578 59.42453 26.540325
579 82.19846 51.484753
580 21.437567 96.03822
581 75.11867 15.807697
582 58.916916 59.72191
583 78.76335 51.801216
584 51.98473 99.46379
585 62.83343 29.610275
586 9.515827 38.9494
587 65.5836 11.210884
588 60.39 50.18341
589 55.890438 17.981655
590 50.533592 55.315624
591 59.92124 72.167816
592 91.35019 32.691376
593 37.089912 91.75682
594 14.735306 81.469826
595 22.248255 12.635109
596 10.054504 3.2463493
597 78.59329 97.09767
598 83.12962 12.77705
599 48.59403 74.42085
600 6.769558 42.15273
601 23.705484 58.98894
602 58.65912 36.482635
603 87.81517 29.178444
604 14.026157 85.23624
605 39.58354 29.491955
606 37.490795 34.592724
607 69.019775 50.628185
608 59.54762 98.56374
609 14.801971 82.51141
610 34.93126 87.15762
611 24.587145 89.12745
612 52.645283 16.527184
613 26.383015 10.683617
614 83.954346 89.86566
615 66.89201 40.13253
616 9.075161 90.629135
617 68.602264 67.37224
618 13.568512 36.393173
619 70.47277 68.673904
620 5.886772 88.19057
621 57.89628 80.56435
622 23.80572 85.19504
623 12.613544 87.064316
624 76.96148 82.68198
625 9.163979 59.671665
626 82.07346 11.670471
627 87.58038 26.97811
628 93.67688 28.858633
629 14.475742 49.99926
630 54.754173 82.420135
631 69.26202 95.976364
632 31.783337 57.153046
633 89.72788 17.725868
634 58.29362 29.431768
635 68.61322 19.239702
636 14.018314 53.642498
637 6.9512863 50.248318
638 94.4185 39.66828
639 24.714968 18.414394
640 46.23006 12.955009
641 71.00091 58.84963
642 11.596428 93.491005
643 57.05962 18.86939
644 57.267464 81.06944
645 29.99282 84.90582
646 11.66013 80.8664
647 62.81516 6.908272
648 16.810295 36.63228
649 16.000763 30.614424
650 92.21834 17.699074
651 21.768076 20.5033
652 23.118004 72.92119
653 29.808325 42.576046
654 32.544014 64.93543
655 76.43755 68.8585
656 95.61259 43.587204
657 95.85535 78.41993
658 26.952927 32.538025
659 74.26018 56.03085
660 7.8882103 52.81866
661 12.711048 45.56491
662 60.508312 59.497112
663 60.356117 74.05815
664 24.99142 51.74344
665 15.84734 94.82495
666 10.125 75.23096
667 93.07859 11.783745
668 91.08411 33.36042
669 1.1979218 44.316765
670 26.775393 96.364044
671 81.90976 69.0951
672 74.71686 21.18696
673 67.4949 16.328331
674 1.3889847 19.881172
675 17.981293 24.141973
676 58.44066 35.409122
677 95.25184 24.153734
678 77.19626 54.480118
679 3.6728783 88.54132
680 10.762363 78.25611
681 81.93365 57.124706
682 96.56135 24.118347
683 76.234634 65.82289
684 30.08318 76.341034
685 60.52526 25.414362
686 39.859306 87.94325
687 1.127922 33.05992
688 10.147724 57.09243
689 76.32222 49.97149
690 4.874161 29.004854
691 3.2101135 61.576588
692 72.139755 3.2121658
693 71.92727 11.639683
694 59.664352 1.5659866
695 45.389313 14.6645355
696 16.093418 29.634563
697 14.89201 85.214905
698 94.038475 79.42981
699 62.908955 84.38259
700 10.0619545 18.2882
701 58.119568 40.045815
702 57.446075 50.1108
703 42.791214 35.38586
704 7.952427 40.7011
705 53.06999 45.738438
706 19.139565 38.52664
707 93.85704 83.15277
708 35.200867 87.749985
709 57.674744 6.6325493
710 71.69542 92.05509
711 53.903057 40.690796
712 60.598248 42.301018
713 75.3627 37.730488
714 82.253975 10.945011
715 34.535007 11.839474
716 91.49332 66.13515
717 94.460884 62.606895
718 95.27019 36.210167
719 59.52588 63.165527
720 84.495674 32.505295
721 56.568886 69.17488
722 16.66547 70.37842
723 64.526924 26.855255
724 42.356842 30.712639
725 91.83376 5.4648743
726 59.456963 5.543827
727 48.92193 56.443832
728 40.76973 4.083973
729 76.79173 27.736273
730 46.13237 8.607826
731 18.083336 46.017807
732 18.142258 84.42934
733 32.370956 31.649574
734 31.567017 40.329826
735 88.3736 48.146126
736 73.08784 42.80795
737 79.14731 23.944674
738 83.520706 65.583145
739 85.6534 40.73963
740 33.392914 76.61656
741 33.733612 99.742386
742 5.500538 27.37263
743 96.225174 18.345932
744 76.80032 43.215343
745 25.806065 46.269917
746 1.2862549 7.551594
747 18.938442 76.42594
748 58.37303 57.41483
749 73.35395 69.0211
750 99.059586 2.6120071
751 17.276768 1.6652603
752 61.978508 63.94347
753 46.711143 61.817947
754 61.37999 44.991104
755 43.584076 26.039131
756 4.8614197 80.068596
757 24.883896 11.182713
758 91.26417 93.37872
759 29.481562 78.983246
760 72.04813 83.6521
761 11.177925 48.222363
762 36.125614 29.071234
763 97.89195 60.077774
764 65.70451 65.89046
765 55.91107 38.70462
766 65.22003 32.632427
767 7.106571 8.684502
768 31.797132 30.024303
769 45.400238 14.732914
770 48.39983 80.68153
771 52.550262 16.985191
772 38.185394 99.94556
773 46.598694 2.6947212
774 77.886505 75.02603
775 49.601246 94.89341
776 19.125492 46.20094
777 25.243122 68.98255
778 29.53947 34.71711
779 15.03006 80.014046
780 96.23346 69.545265
781 42.516277 14.737801
782 25.068634 65.166084
783 46.777863 64.279945
784 73.70492 78.60679
785 64.53447 30.956913
786 48.420864 43.171055
787 45.65004 49.636395
788 86.36331 20.98197
789 43.13101 78.87375
790 45.102673 82.13313
791 57.796326 73.25656
792 80.517136 27.735693
793 80.713425 49.059734
794 13.411697 74.71867
795 27.460394 99.15697
796 32.82054 88.42091
797 77.23072 74.26979
798 8.559284 55.34294
799 81.72122 42.721004
800 6.3813553 30.730354
801 41.109985 40.222366
802 80.2709 97.884415
803 29.969923 34.61104
804 15.931168 9.257759
805 23.462494 18.453693
806 37.968426 79.037254
807 81.53722 14.65612
808 48.95932 98.602234
809 80.079346 72.0952
810 86.85063 12.839569
811 62.65879 79.55506
812 51.90835 57.133698
813 82.25281 11.351738
814 33.48253 29.638494
815 75.921616 92.166794
816 19.770496 66.4307
817 55.24452 75.56865
818 80.45808 22.720106
819 87.236374 54.110355
820 69.03027 85.15991
821 90.249985 18.072979
822 93.61088 72.760315
823 42.92039 66.813995
824 73.41018 69.74203
825 59.600197 43.804356
826 56.195976 40.535175
827 1.1075554 34.035553
828 74.77603 60.624176
829 9.044041 2.537075
830 6.401211 30.734919
831 12.649441 72.393906
832 87.894356 23.93248
833 50.28428 32.656075
834 12.074028 93.32535
835 42.241573 47.32406
836 95.543236 60.56677
837 95.12271 38.929966
838 70.646286 89.82399
839 63.67368 69.55034
840 45.958504 65.494385
841 79.19445 31.725294
842 25.829054 50.43549
843 73.92052 90.58148
844 47.68828 58.864246
845 71.45923 64.15113
846 87.02627 56.439476
847 99.30664 75.93446
848 1.0760727 86.70227
849 1.160511 15.902481
850 41.71708 35.41713
851 76.322495 78.29501
852 76.807495 13.344852
853 98.37656 17.174217
854 68.25375 51.489304
855 48.742065 59.272743
856 68.52627 59.593018
857 78.11926 44.597675
858 53.181934 79.98897
859 90.57651 39.10955
860 73.905525 79.44183
861 33.632168 81.962326
862 58.09641 59.525322
863 2.590393 74.59403
864 69.49318 36.347958
865 17.24868 89.4899
866 20.610332 63.624336
867 78.6705 88.86243
868 62.836884 90.11769
869 21.885586 88.61568
870 39.361557 61.37269
871 97.99727 97.46733
872 93.05806 1.855259
873 50.529472 24.388565
874 86.428535 85.92915
875 63.31095 81.751
876 19.928875 23.947937
877 90.34406 15.586559
878 68.87496 69.58957
879 78.43992 72.17386
880 73.595825 67.43908
881 48.13805 88.648254
882 99.09411 91.31383
883 77.37155 70.27771
884 65.9658 8.349812
885 74.044876 95.57422
886 36.916103 46.942165
887 87.771416 57.55846
888 89.50659 36.568565
889 22.375156 23.067522
890 56.729652 67.644684
891 74.797134 66.23294
892 61.632835 37.60336
893 69.7578 90.109665
894 82.53563 52.378796
895 12.340488 50.810303
896 39.049553 89.02345
897 10.337109 95.28479
898 4.1195717 24.237741
899 95.083916 37.37099
900 10.899136 65.60147
901 26.452166 62.988373
902 14.954613 40.871223
903 1.2223053 73.489334
904 98.75398 72.40318
905 25.503607 70.270004
906 5.161602 57.204407
907 84.910065 67.652374
908 8.053654 92.46452
909 98.476456 23.057207
910 86.75458 84.464066
911 62.65402 52.515785
912 6.3774986 55.338722
913 97.915115 22.190235
914 85.0506 50.68268
915 77.76903 23.30394
916 54.269325 67.36876
917 44.198246 93.54822
918 38.168144 90.467606
919 23.36744 17.902687
920 25.860004 17.674232
921 88.7031 70.52559
922 67.2032 1.2505455
923 39.957138 74.57631
924 50.406284 8.950359
925 55.314327 84.42035
926 99.89444 41.410046
927 11.756958 94.11597
928 11.461437 5.6832275
929 10.358082 35.204636
930 87.81839 24.990105
931 99.74977 33.019413
932 99.48042 5.473152
933 79.70045 72.10745
934 61.37489 93.87385
935 64.91897 57.559628
936 94.47177 52.332787
937 65.37633 60.877323
938 16.331928 49.41393
939 60.26893 50.62045
940 70.55921 75.02541
941 11.31797 46.55712
942 17.624062 92.463806
943 49.449654 26.3348
944 76.74588 8.843994
945 41.892174 91.517815
946 10.09573 89.795456
947 58.19169 86.93512
948 33.568504 26.9022
949 3.593296 97.0409
950 8.399918 49.25761
951 30.978964 46.5343
952 36.166725 95.89661
953 72.61948 21.34338
954 26.589855 26.743868
955 32.6103 41.412262
956 82.93271 26.65541
957 17.160374 78.90256
958 10.703392 36.44388
959 98.83701 41.592934
960 89.23104 40.74006
961 42.878304 25.639164
962 46.382027 93.12818
963 50.65273 74.843925
964 32.545624 25.649275
965 96.26593 5.355671
966 21.378174 40.677227
967 69.36855 81.27871
968 99.80153 53.505978
969 81.44136 57.446526
970 97.041565 60.881683
971 71.27624 38.661575
972 73.69555 77.26433
973 2.5499039 56.755096
974 26.744524 82.324524
975 24.324987 20.456388
976 19.082079 1.4026947
977 52.717697 85.0373
978 81.15811 13.626152
979 75.45835 95.61503
980 16.815731 24.68046
981 47.870148 92.24089
982 76.11963 9.371304
983 15.078365 49.71819
984 69.897705 59.383793
985 43.268623 13.762974
986 84.88786 43.736057
987 6.8241844 27.668541
988 72.48964 62.39046
989 90.968094 94.563255
990 40.71333 54.758053
991 84.129364 15.206818
992 69.80166 98.93944
993 90.423615 36.455704
994 20.328232 96.43492
995 5.3944283 31.420761
996 48.390022 98.83318
997 82.442215 86.95799
998 96.0233 62.150646
999 55.859188 16.210045
1000 96.44197 97.37018
1001 48.92559 90.64434
1002 95.33542 32.02453
1003 33.1445 59.50518
1004 10.887093 80.03449
1005 20.891668 83.34268
1006 71.37769 95.9136
1007 57.456253 84.24342
1008 91.06314 64.67667
1009 38.96907 8.0100975
1010 1.9680557 2.6614914
1011 63.897274 19.024725
1012 63.44744 96.65897
1013 96.93936 42.495125
1014 47.05305 70.49868
1015 57.26655 84.592575
1016 5.3476105 84.01955
1017 41.7699 82.14968
1018 94.67145 30.229998
1019 71.03724 82.707695
1020 4.7070045 2.9243927
1021 57.41057 3.5726204
1022 21.266161 91.12998
1023 49.604958 14.263638
1024 1.4846497 78.82411
1025 12.711956 57.4124
1026 97.37584 77.67041
1027 63.25587 70.49806
1028 86.15161 63.05787
1029 38.760418 44.88326
1030 1.0809631 85.66135
1031 76.73157 20.865198
1032 97.04277 96.763565
1033 66.48843 55.147957
1034 11.871223 85.78747
1035 60.180847 35.56344
1036 88.31471 39.46647
1037 2.2972374 81.43976
1038 31.044884 17.209702
1039 57.87217 29.540337
1040 3.2539215 88.92944
1041 47.561314 2.3805237
1042 99.03248 72.70877
1043 30.222832 15.991623
1044 70.22749 68.23442
1045 3.584156 18.930367
1046 6.5040054 37.059387
1047 69.72936 5.0674286
1048 99.01451 59.302933
1049 32.510696 37.959846
1050 5.728119 32.179226
1051 35.50977 58.764088
1052 72.75247 52.70018
1053 61.23949 74.8923
1054 71.97841 69.12132
1055 70.83995 67.8056
1056 63.67261 24.87505
1057 25.35391 37.932404
1058 72.73218 11.935837
1059 62.221874 25.639633
1060 89.278625 76.101654
1061 14.6199 50.932953
1062 99.81352 84.12772
1063 48.13599 76.2802
1064 35.033493 18.295372
1065 27.874474 12.316864
1066 54.918983 93.085434
1067 63.297443 51.395508
1068 98.00009 64.509056
1069 82.457825 16.73589
1070 96.55265 39.661037
1071 55.46413 71.23647
1072 1.2553902 79.59255
1073 12.019268 61.260647
1074 15.222561 63.758038
1075 71.66243 53.25096
1076 10.281311 1.3700218
1077 59.864388 52.66758
1078 15.463451 77.784706
1079 10.034359 80.89252
1080 98.83894 12.390419
1081 13.87846 49.660736
1082 52.730892 26.530502
1083 57.370827 73.57201
1084 57.089314 90.17389
1085 67.30423 74.28146
1086 32.737644 93.8985
1087 8.889004 83.57361
1088 29.084911 17.287197
1089 38.192665 18.878857
1090 60.882736 49.301167
1091 66.52156 84.55374
1092 44.513836 38.84859
1093 9.843998 92.59766
1094 78.28729 81.32225
1095 85.76658 6.976406
1096 74.21778 95.110886
1097 7.4501457 96.88996
1098 71.30932 1.0478134
1099 82.136246 96.56995
1100 19.976791 75.26237
1101 96.06438 21.735374
1102 88.081276 88.85562
1103 66.62114 65.87631
1104 66.04619 42.563625
1105 51.477013 58.213676
1106 6.446804 46.06543
1107 96.40581 44.628445
1108 30.090288 48.129826
1109 10.290325 26.330046
1110 22.519344 54.33569
1111 57.656296 1.2230759
1112 40.28738 91.158844
1113 47.361076 5.101158
1114 52.19081 34.730354
1115 60.083305 47.00156
1116 5.8289757 67.68189
1117 7.072113 31.626753
1118 35.28096 87.47152
1119 6.90588 58.19513
1120 94.18007 79.9066
1121 59.927467 22.773075
1122 71.50819 90.12996
1123 69.571625 45.17237
1124 71.739914 9.938499
1125 89.25737 62.238346
1126 13.701523 33.9769
1127 97.31024 17.712948
1128 85.46382 54.576855
1129 71.3671 86.20931
1130 30.901697 93.08859
1131 15.826881 46.469166
1132 42.24967 49.559723
1133 84.03209 32.37844
1134 5.3354607 37.01042
1135 51.83202 13.912628
1136 50.87623 58.713066
1137 97.834274 83.16166
1138 60.307323 83.36969
1139 49.101288 10.284752
1140 37.56263 30.54767
1141 18.139034 8.73761
1142 75.50018 51.468143
1143 98.0591 53.726566
1144 36.01795 53.04693
1145 20.644535 35.134743
1146 73.76989 92.32596
1147 84.0298 23.928251
1148 39.900803 16.718616
1149 94.03695 51.62627
1150 5.4157944 98.27916
1151 52.795177 47.98306
1152 99.73001 78.21041
1153 23.550611 36.773125
1154 11.211575 40.09699
1155 15.792938 87.431046
1156 2.341362 52.391598
1157 86.95619 61.15529
1158 94.23174 3.4321518
1159 16.92418 45.482304
1160 40.15188 94.57921
1161 18.644306 84.09441
1162 62.782066 1.904335
1163 33.554127 64.708626
1164 64.19923 41.312088
1165 14.49305 90.16062
1166 22.862709 23.736689
1167 28.025213 8.33572
1168 41.03249 50.9754
1169 7.2605667 42.727688
1170 29.289268 17.194416
1171 25.813671 98.44174
1172 53.266857 40.967323
1173 16.366787 79.98974
1174 58.125126 90.93471
1175 34.874973 57.62162
1176 61.56551 30.114712
1177 26.46961 39.20565
1178 57.638985 40.599903
1179 3.8516655 89.89877
1180 85.462814 51.589478
1181 52.44866 96.55864
1182 96.925156 18.26971
1183 29.620218 52.455055
1184 88.63306 90.491104
1185 63.882614 18.921646
1186 85.11559 44.853966
1187 37.115124 38.6723
1188 4.0034714 58.94508
1189 11.805748 84.48657
1190 72.16293 79.1396
1191 96.84944 66.46921
1192 1.6096458 69.60778
1193 11.898293 2.2760468
1194 21.862442 59.12034
1195 68.96737 80.93664
1196 19.241705 83.181595
1197 42.02399 6.0435715
1198 95.31239 97.43642
1199 94.428314 41.33311
1200 80.00408 95.994125
1201 3.0497627 25.67092
1202 24.815151 15.842186
1203 67.62466 92.12681
1204 62.99565 21.781052
1205 62.38006 9.173855
1206 54.66165 14.079849
1207 46.612473 59.76862
1208 16.36979 47.96447
1209 20.88555 92.16551
1210 56.42642 32.221222
1211 92.18877 22.208237
1212 8.369469 17.56211
1213 21.616987 48.068615
1214 20.446585 23.099588
1215 42.964138 64.0139
1216 3.628128 64.90475
1217 8.394962 24.304014
1218 20.49429 58.368755
1219 12.9495125 38.618305
1220 85.60556 67.78061
1221 37.109463 93.54733
1222 11.211758 54.09104
1223 9.240322 59.237858
1224 74.40221 43.66578
1225 59.790894 22.976221
1226 61.3506 61.428036
1227 49.98649 98.94846
1228 14.430332 96.30295
1229 12.546459 32.372078
1230 77.25202 98.236374
1231 22.366718 56.70231
1232 40.93143 21.442429
1233 70.45618 35.541405
1234 41.269516 13.543854
1235 31.176682 43.285103
1236 34.103104 79.7225
1237 4.093712 40.58641
1238 60.565304 34.71921
1239 46.6722 20.387993
1240 36.65207 35.350018
1241 85.47024 46.132713
1242 76.661095 32.4327
1243 40.948887 12.8918915
1244 30.39942 37.14323
1245 80.34262 2.6984444
1246 68.94925 73.09749
1247 34.32518 27.411772
1248 66.787445 71.697495
1249 40.828205 13.590366
1250 45.635654 43.070442
1251 15.469742 50.93052
1252 50.907722 26.69538
1253 20.558262 11.004101
1254 10.781921 84.77462
1255 3.2714882 56.956963
1256 35.748257 19.496212
1257 31.174648 11.394093
1258 69.441086 40.242897
1259 24.149248 6.3590813
1260 29.57334 28.204561
1261 99.749535 55.55825
1262 91.33836 12.208527
1263 16.417747 99.57417
1264 59.456676 87.84987
1265 63.157684 62.795807
1266 30.579527 83.43874
1267 85.85037 33.55278
1268 80.19911 10.471161
1269 65.07712 97.48774
1270 17.69202 26.071075
1271 96.91426 27.565197
1272 27.246992 68.24103
1273 85.45894 49.869343
1274 78.91839 69.09254
1275 66.37653 29.470118
1276 96.57419 40.248016
1277 97.74113 69.677414
1278 52.065388 59.67862
1279 7.352947 51.871864
1280 32.743515 87.45737
1281 17.78484 73.02348
1282 33.76953 67.329506
1283 22.990206 23.954988
1284 35.018715 63.266876
1285 85.73299 36.052376
1286 5.450859 50.341473
1287 34.2994 71.19403
1288 86.905014 86.62391
1289 11.869343 51.093994
1290 49.776608 54.803627
1291 62.96676 39.677208
1292 59.200478 44.373318
1293 85.73782 22.524784
1294 67.58833 18.868341
1295 44.24637 80.98401
1296 44.352142 58.45404
1297 49.816475 80.06157
1298 81.615715 45.22878
1299 88.6057 79.840515
1300 90.886826 74.5212
1301 94.27925 83.90637
1302 34.46157 98.0824
1303 54.126915 55.544243
1304 61.064384 67.227875
1305 94.40467 37.882923
1306 36.130905 87.898895
1307 91.19354 74.23541
1308 25.250664 91.813515
1309 34.843018 28.588762
1310 21.706852 18.143467
1311 68.42296 25.345602
1312 38.29899 15.145386
1313 9.39172 25.111774
1314 68.124504 19.95744
1315 42.759823 14.973919
1316 66.135185 25.941044
1317 50.05874 90.974
1318 80.000755 67.74839
1319 84.41849 16.552197
1320 65.37848 31.040682
1321 20.099138 19.891024
1322 49.999687 59.68589
1323 22.475786 45.64377
1324 17.8218 52.013252
1325 85.05331 78.603516
1326 48.13421 23.5294
1327 64.836624 85.38199
1328 10.071724 80.82173
1329 18.716547 11.236824
1330 17.597176 2.087082
1331 28.602648 82.216156
1332 6.0294113 86.69902
1333 47.931602 46.849377
1334 4.002598 71.491745
1335 45.17823 95.129875
1336 44.10013 54.795837
1337 96.78673 45.995586
1338 35.207634 59.706738
1339 6.048786 23.375916
1340 12.851879 71.22454
1341 51.77921 36.780956
1342 45.766315 36.381977
1343 91.59271 62.855797
1344 59.035725 39.236782
1345 60.087135 24.877007
1346 98.89806 76.28848
1347 85.31209 24.66685
1348 6.4933968 22.188843
1349 5.954502 49.729046
1350 13.468754 18.781565
1351 78.16116 52.076088
1352 81.60763 79.0794
1353 22.507421 46.28528
1354 73.11296 12.6409645
1355 49.062767 52.659924
1356 72.07381 48.87781
1357 46.013973 50.032177
1358 60.403633 29.583582
1359 41.34682 63.923813
1360 56.355316 68.30778
1361 7.839279 53.241673
1362 53.284336 55.977375
1363 47.056973 15.2007065
1364 90.118645 77.571304
1365 25.029257 42.48391
1366 55.12008 64.24914
1367 67.606094 60.348022
1368 28.204632 43.78356
1369 81.275604 1.7951279
1370 43.84206 15.817368
1371 57.67336 36.08972
1372 47.11887 72.48349
1373 52.391026 37.393387
1374 66.61577 40.816353
1375 79.7292 20.595207
1376 3.7355003 30.042906
1377 35.76544 61.99282
1378 30.504055 44.078785
1379 43.65578 98.75697
1380 59.772484 71.63138
1381 86.226654 61.310192
1382 54.468227 66.658485
1383 40.081684 85.667816
1384 99.31708 44.494072
1385 26.02475 31.802477
1386 41.589478 86.346085
1387 47.244587 90.33861
1388 28.219913 99.733055
1389 51.536816 72.31818
1390 33.30338 35.901592
1391 85.02185 65.62405
1392 89.1487 94.13208
1393 70.8849 52.761387
1394 97.78874 84.23936
1395 75.7715 69.631546
1396 83.84639 72.25845
1397 56.14501 94.92761
1398 68.2233 57.267773
1399 10.900284 56.081852
1400 23.943434 52.293953
1401 39.74044 62.44463
1402 79.15076 22.424084
1403 26.818565 82.19281
1404 98.25796 22.74602
1405 13.797993 77.11107
1406 1.4468651 13.124332
1407 61.357586 9.039787
1408 62.276917 91.31911
1409 8.415173 53.503323
1410 85.500015 53.78852
1411 1.4664536 25.159533
1412 86.74878 31.503202
1413 65.108536 48.13778
1414 27.511517 24.713526
1415 49.842464 67.584145
1416 45.485752 24.851856
1417 3.9527435 88.53938
1418 11.654671 38.742466
1419 44.000465 17.992195
1420 85.8934 70.471695
1421 52.20033 89.18894
1422 45.246643 74.36023
1423 8.094421 83.51868
1424 83.36162 99.16052
1425 2.5687714 31.75528
1426 51.80676 38.004787
1427 33.6606 17.431911
1428 89.06674 44.448513
1429 94.36215 35.391933
1430 19.429619 31.960306
1431 48.9969 28.498846
1432 22.701408 52.02665
1433 57.99955 61.200764
1434 17.245289 60.481228
1435 14.121605 90.481514
1436 47.3544 13.609299
1437 6.6841583 80.2278
1438 60.153015 16.083275
1439 23.135143 9.8857155
1440 36.280556 6.5406265
1441 86.96232 50.130215
1442 57.95131 52.00234
1443 64.09779 25.504326
1444 99.02735 65.1004
1445 69.114555 43.326023
1446 22.468872 19.466248
1447 7.351799 90.90454
1448 49.660557 50.299973
1449 90.713715 51.71813
1450 62.54625 77.24456
1451 97.86311 81.561386
1452 12.346325 64.02506
1453 30.985489 64.13782
1454 53.61144 61.7478
1455 91.34308 1.5107956
1456 89.88147 18.631498
1457 87.21869 63.517776
1458 52.730347 98.49765
1459 23.082348 44.124825
1460 49.893753 59.313755
1461 18.426155 86.03224
1462 23.673292 58.55545
1463 69.69935 35.240093
1464 51.671146 55.171707
1465 51.945934 50.289734
1466 47.09567 64.62522
1467 69.616196 12.427521
1468 37.82017 26.457182
1469 54.897316 27.242502
1470 39.846912 53.39396
1471 76.514534 83.6759
1472 20.735205 72.09053
1473 78.412224 89.56436
1474 40.87994 17.5442
1475 8.767307 99.470474
1476 43.861347 64.787865
1477 1.5156479 95.85681
1478 21.839258 24.385744
1479 2.7582626 93.865616
1480 9.2444 68.7109
1481 22.487305 13.646976
1482 8.412556 48.55915
1483 79.37526 48.412228
1484 25.054193 56.03355
1485 65.46586 43.04099
1486 59.230804 46.840458
1487 63.774754 3.0081406
1488 31.31588 8.929291
1489 93.033676 68.81899
1490 15.285397 98.797356
1491 33.739426 27.609138
1492 47.414375 17.650047
1493 76.30784 17.37746
1494 13.173767 86.5172
1495 2.7607155 78.159584
1496 25.418364 94.80888
1497 57.473198 85.35092
1498 56.77641 56.93814
1499 98.20981 23.742414
1500 93.3132 78.78003
1501 95.77684 64.284584
1502 47.470554 67.124
1503 38.121166 92.99901
1504 7.2974777 90.10606
1505 60.533165 75.52939
1506 48.68727 85.30345
1507 79.49335 46.499542
1508 51.321842 24.622248
1509 31.263258 66.1982
1510 55.04191 87.62889
1511 5.70681 41.980347
1512 76.927505 79.184784
1513 42.56223 46.916317
1514 99.374016 5.798229
1515 62.925034 7.1081276
1516 83.51578 96.118774
1517 4.93412 18.842749
1518 83.19804 22.058584
1519 10.490238 86.910706
1520 95.15564 44.332245
1521 45.99634 13.721996
1522 86.765625 91.476036
1523 89.46507 99.05716
1524 71.76891 70.15707
1525 17.275124 39.323277
1526 74.854675 6.6251717
1527 79.71645 42.917866
1528 78.26878 57.67172
1529 65.91829 55.49601
1530 85.80854 84.68751
1531 8.623528 20.46515
1532 17.68863 68.31034
1533 88.36684 9.16375
1534 57.732903 45.099274
1535 69.58787 20.956024
1536 32.93119 41.513893
1537 22.34236 7.1728783
1538 61.10639 17.591343
1539 97.63977 78.3412
1540 16.82499 92.86522
1541 88.35133 20.080223
1542 94.7567 70.04568
1543 98.293015 97.75657
1544 57.55477 82.346306
1545 92.18396 74.05066
1546 93.662735 81.98619
1547 55.006344 89.31011
1548 26.30326 18.436832
1549 56.94846 14.215679
1550 28.254402 44.67761
1551 26.337446 48.150227
1552 65.52047 27.909382
1553 53.82743 79.76085
1554 35.85634 76.744545
1555 24.28767 84.41521
1556 5.9820175 32.657406
1557 47.01456 53.902542
1558 87.96452 90.724045
1559 6.8444405 72.9108
1560 15.897835 83.13999
1561 18.92663 74.56382
1562 53.995304 94.76741
1563 57.0605 54.629482
1564 5.6096573 22.178938
1565 54.537148 6.075756
1566 10.017185 34.095383
1567 89.99498 72.66719
1568 63.290394 95.512856
1569 28.305365 7.2808037
1570 2.3436127 67.61808
1571 85.93918 99.12898
1572 15.863068 17.870327
1573 26.570175 40.86152
1574 79.81566 92.208664
1575 6.2334404 61.196213
1576 59.694256 73.87583
1577 6.9319725 33.59967
1578 37.128593 16.04361
1579 6.5479927 75.63135
1580 4.0312996 83.59009
1581 55.84153 59.237335
1582 2.046856 65.54357
1583 14.816288 67.01885
1584 25.286926 99.06699
1585 73.85229 62.029663
1586 59.188313 97.832504
1587 73.10355 31.524536
1588 35.536396 10.645626
1589 99.52518 8.488461
1590 86.87262 74.97011
1591 53.43879 18.952538
1592 34.86308 41.345757
1593 71.93953 54.74143
1594 21.12562 61.633358
1595 92.54944 38.730766
1596 57.529724 87.36445
1597 39.385544 88.486725
1598 95.29286 84.8218
1599 62.988876 38.973125
1600 51.9455 5.0659027
1601 23.300755 40.33548
1602 60.00412 43.59508
1603 15.115906 50.871418
1604 18.044094 81.189186
1605 70.46728 89.81479
1606 42.96003 63.609985
1607 17.31845 2.7280045
1608 32.962166 13.169781
1609 55.228184 1.4319534
1610 48.767643 72.96683
1611 97.356514 55.766857
1612 83.3949 67.717094
1613 66.06269 75.14424
1614 19.957624 84.943405
1615 71.3871 57.928696
1616 29.173943 14.824978
1617 80.25265 17.242477
1618 85.42933 63.404587
1619 9.653175 67.61071
1620 26.191582 5.7585526
1621 87.092896 68.38431
1622 13.222008 74.344536
1623 81.776794 28.24133
1624 69.81855 59.315876
1625 27.385616 87.64545
1626 62.049538 33.669872
1627 49.878952 11.508373
1628 64.78389 44.639362
1629 55.624454 44.364964
1630 86.50173 1.0809212
1631 25.652895 66.74173
1632 24.866688 52.66672
1633 16.609425 94.18388
1634 55.6419 60.733734
1635 12.457184 84.46655
1636 87.98578 75.01796
1637 56.66118 4.7333336
1638 22.461344 49.823467
1639 35.865387 22.70287
1640 17.162872 16.002914
1641 69.19437 97.338196
1642 85.304 32.474884
1643 37.475166 70.07227
1644 96.35327 86.349594
1645 89.58441 45.029854
1646 47.75822 99.470436
1647 81.19325 81.723694
1648 24.962784 86.609955
1649 88.85992 12.008137
1650 50.509426 98.069
1651 46.759342 59.44759
1652 79.32804 7.1959953
1653 62.16783 77.63514
1654 21.789528 3.2950783
1655 2.685215 80.40112
1656 54.252922 89.68171
1657 96.64891 74.234665
1658 73.8711 73.932785
1659 4.916191 81.59181
1660 94.44888 32.85663
1661 66.46216 20.86302
1662 22.94342 4.1062584
1663 37.708008 98.382614
1664 53.343914 10.2821045
1665 44.934006 71.606415
1666 44.31835 56.65506
1667 26.206251 28.852564
1668 26.459703 5.76717
1669 92.13925 33.088
1670 48.430004 84.433014
1671 53.375385 83.38214
1672 33.424095 87.98262
1673 3.5270462 19.098873
1674 50.315975 84.27329
1675 89.47905 94.787285
1676 87.5978 80.10776
1677 58.500507 80.498375
1678 20.805796 90.172516
1679 86.584335 37.959732
1680 13.0667 63.051968
1681 67.92726 77.2663
1682 29.99348 4.484226
1683 51.001923 77.196754
1684 91.86693 12.3529625
1685 45.549446 79.309265
1686 33.41729 26.754166
1687 80.08266 7.4029922
1688 7.0498734 60.17357
1689 12.816223 11.339577
1690 66.60135 86.748825
1691 87.63997 57.093277
1692 33.87261 85.782646
1693 6.527405 56.35296
1694 76.47005 4.47554
1695 25.573828 93.5269
1696 46.595894 30.737389
1697 46.271343 6.965042
1698 66.19879 30.783735
1699 24.295689 95.488525
1700 77.23811 40.23888
1701 10.947296 4.8049393
1702 99.99112 94.58525
1703 46.616287 63.471542
1704 64.09285 33.080395
1705 19.244585 71.44035
1706 80.134514 32.716267
1707 20.551003 38.934334
1708 7.884407 77.275085
1709 65.494545 69.46646
1710 71.724106 23.474957
1711 87.17534 56.61859
1712 50.926624 3.206585
1713 54.342888 13.102314
1714 32.055847 10.554176
1715 23.790201 30.283525
1716 28.782984 19.653008
1717 94.6845 55.0963
1718 71.072586 95.13433
1719 54.72951 74.62396
1720 10.594425 3.053566
1721 44.342937 56.025078
1722 99.060196 42.72739
1723 8.770515 4.977482
1724 98.31304 33.563637
1725 80.335014 88.04463
1726 98.32496 53.57521
1727 2.7154732 32.379433
1728 15.9703865 80.75939
1729 67.178215 72.18835
1730 65.81367 62.289063
1731 57.87168 92.76868
1732 86.275925 92.42404
1733 90.27325 9.4593315
1734 67.826584 19.22952
1735 86.27345 12.352489
1736 51.77362 91.75502
1737 62.17162 67.61072
1738 99.29309 91.08287
1739 13.172089 73.83526
1740 14.834671 4.046589
1741 64.644005 34.164555
1742 18.402428 15.218948
1743 3.4759445 44.414017
1744 26.667786 3.8076782
1745 99.69098 59.232895
1746 26.337156 14.4685135
1747 49.26693 83.8468
1748 64.71755 58.583065
1749 83.71506 63.99997
1750 87.95081 14.710838
1751 34.692562 79.9574
1752 24.4236 37.09835
1753 44.24039 93.96387
1754 36.840157 78.35418
1755 90.20052 64.023544
1756 24.287287 78.6474
1757 76.815475 96.65079
1758 18.463219 20.92998
1759 35.29459 20.577288
1760 32.66113 63.37464
1761 98.5421 13.939018
1762 24.035149 77.19398
1763 65.680855 99.50244
1764 33.05809 7.5055084
1765 28.14168 39.162457
1766 26.67928 53.485325
1767 6.6599083 50.01192
1768 73.43823 92.05842
1769 68.17321 50.17277
1770 31.738565 41.44914
1771 74.52243 36.0017
1772 70.16589 70.13187
1773 39.46013 90.94504
1774 7.936985 34.620956
1775 33.532463 18.112633
1776 76.23827 4.9508286
1777 85.776505 6.2719383
1778 16.553417 14.234634
1779 54.58751 89.92136
1780 47.99542 79.83154
1781 37.711525 10.981689
1782 53.596745 14.713772
1783 14.894966 23.189665
1784 25.411806 56.856346
1785 69.678276 86.35181
1786 62.01316 45.493866
1787 64.58046 90.05617
1788 43.60671 73.09728
1789 69.87057 8.729977
1790 26.44524 77.00053
1791 34.927223 29.370062
1792 64.662315 56.228664
1793 88.089424 70.98952
1794 56.28172 42.997932
1795 36.05675 53.53152
1796 84.846054 71.85989
1797 56.300636 11.029778
1798 32.642113 86.64885
1799 97.75375 32.9263
1800 16.60202 86.343445
1801 1.4126511 97.82904
1802 26.291618 98.531555
1803 96.23482 4.6984215
1804 58.0384 74.71621
1805 46.912994 71.42093
1806 31.294744 75.09669
1807 73.79658 48.166195
1808 59.907692 56.244137
1809 51.832375 76.46435
1810 53.842392 60.013092
1811 94.8818 26.033777
1812 33.16109 10.847965
1813 67.141716 80.51456
1814 11.592834 33.466217
1815 13.823662 87.87956
1816 73.908615 2.0690193
1817 50.573917 70.66395
1818 9.221672 81.22784
1819 94.50202 58.165146
1820 11.410366 39.556046
1821 76.29521 77.16693
1822 8.541409 12.495903
1823 33.57686 9.135548
1824 54.706673 65.71309
1825 69.57011 30.332436
1826 79.478745 31.692163
1827 90.0283 33.806908
1828 58.698975 82.88167
1829 94.07443 9.398285
1830 14.502361 25.25149
1831 56.25743 44.584053
1832 14.843494 32.64949
1833 97.81961 7.6255913
1834 2.8840141 16.163506
1835 92.17345 23.294346
1836 93.972176 97.795555
1837 15.524269 38.074196
1838 93.05129 21.048292
1839 91.31041 24.149256
1840 95.61299 36.276524
1841 75.43042 53.14677
1842 51.40662 30.99775
1843 90.74409 5.490597
1844 52.50247 93.43173
1845 27.780418 3.3896904
1846 76.79812 68.37988
1847 90.011 99.883484
1848 40.458786 55.866768
1849 94.35721 4.241276
1850 25.04343 46.53437
1851 60.153744 8.644955
1852 94.016815 62.793865
1853 11.991241 77.57438
1854 66.91871 66.128654
1855 3.628662 57.11216
1856 16.661549 76.519684
1857 32.358063 68.22468
1858 99.32519 62.54988
1859 43.934612 35.294315
1860 46.90108 86.62484
1861 81.6676 53.20134
1862 95.388885 71.821785
1863 20.426102 31.41652
1864 95.06214 64.01232
1865 16.365673 99.12477
1866 28.694654 50.81463
1867 58.308384 48.650402
1868 41.26625 10.929039
1869 91.12746 43.804333
1870 59.51985 99.37628
1871 2.3216019 95.071594
1872 52.61748 77.22943
1873 12.504608 97.96452
1874 46.310757 80.94524
1875 54.4305 89.15283
1876 3.6400871 67.77247
1877 97.81146 19.617924
1878 83.92764 74.81014
1879 39.165577 43.519295
1880 40.130028 36.32789
1881 17.108383 85.61066
1882 52.836082 35.755806
1883 21.593378 71.16174
1884 37.595726 95.06355
1885 89.630264 29.856953
1886 69.583496 50.351612
1887 34.391945 7.725937
1888 27.637087 25.499205
1889 89.873474 93.35576
1890 6.6045227 83.767914
1891 79.181175 72.13347
1892 28.782145 72.11928
1893 63.22982 12.154964
1894 21.302254 70.74585
1895 30.636444 76.04555
1896 39.771534 8.351841
1897 78.547714 42.184795
1898 35.09174 12.936428
1899 26.031424 57.49999
1900 79.370056 9.219685
1901 47.0357 37.93087
1902 98.70764 20.477816
1903 43.261703 30.500868
1904 62.80359 41.90352
1905 3.7929306 65.7711
1906 19.34741 85.93318
1907 84.285645 74.9694
1908 77.97518 59.420128
1909 45.47229 13.79216
1910 92.67495 83.56621
1911 8.17569 82.93697
1912 68.63874 87.9483
1913 99.1853 24.333685
1914 3.7976952 71.82456
1915 95.56671 26.892729
1916 99.917015 38.248917
1917 57.77194 78.713524
1918 86.00561 54.01662
1919 55.91183 66.58865
1920 57.637115 51.231018
1921 5.6551437 65.678055
1922 46.203476 59.06709
1923 7.202366 80.40677
1924 86.2708 26.48902
1925 52.790886 22.051302
1926 70.14275 4.1422653
1927 24.077847 94.59729
1928 68.39996 36.12373
1929 21.97406 92.405106
1930 32.78042 66.307
1931 41.126377 66.36659
1932 9.486828 49.052975
1933 88.405754 1.5998116
1934 5.618557 82.736176
1935 72.188576 32.12292
1936 84.1091 4.3916626
1937 87.15431 41.794945
1938 72.82155 50.566452
1939 39.86314 61.529526
1940 25.064734 31.670748
1941 54.086353 67.97891
1942 62.56157 71.148994
1943 22.891584 14.748486
1944 46.28528 19.272549
1945 26.261248 73.52619
1946 91.664566 77.332596
1947 55.785316 38.593834
1948 12.339348 93.86174
1949 6.357563 17.614521
1950 65.161575 57.83864
1951 28.370462 59.647892
1952 9.767208 33.168304
1953 38.17943 17.045292
1954 60.392956 94.01552
1955 80.54541 23.669218
1956 83.72612 52.11207
1957 88.46014 89.83188
1958 4.191517 97.86534
1959 61.899822 7.9225388
1960 37.20114 91.43137
1961 6.3794556 93.20973
1962 1.2467308 48.28814
1963 73.81851 71.725006
1964 1.3938866 48.366573
1965 45.39407 22.119844
1966 54.09994 6.160755
1967 21.253857 85.6147
1968 79.86836 46.955444
1969 55.28847 81.67088
1970 58.033215 25.084227
1971 20.17277 65.49744
1972 77.87082 53.912327
1973 2.8995705 37.516083
1974 75.968216 18.312088
1975 59.459244 82.02701
1976 36.36216 88.8631
1977 2.363903 52.874382
1978 53.027622 67.3026
1979 19.649677 66.99377
1980 92.894196 48.32181
1981 8.776146 85.431305
1982 16.77739 86.84863
1983 42.17432 11.566952
1984 89.9093 72.31093
1985 94.74544 13.756191
1986 94.43594 50.409737
1987 42.853573 19.671751
1988 64.705444 62.349457
1989 64.97037 3.933651
1990 54.130695 53.100647
1991 67.851135 58.503433
1992 15.356602 22.862675
1993 58.96105 65.492485
1994 80.51681 45.1301
1995 99.36339 55.28206
1996 18.488071 55.537827
1997 79.596596 30.582224
1998 19.380697 23.797691
1999 75.30097 47.235252
2000 75.100426 3.982727
2001 25.887093 47.700806
2002 58.792046 39.852108
2003 8.849308 59.344402
2004 98.19864 41.865448
2005 30.964296 50.41503
2006 28.497326 13.322056
2007 61.60637 52.115627
2008 40.354347 37.483154
2009 40.94262 6.350727
2010 34.49823 11.8666725
2011 63.48686 52.767933
2012 1.8411217 10.352009
2013 40.28863 99.6528
2014 92.85788 12.9788475
2015 44.011955 32.176884
2016 8.036591 67.5744
2017 95.469284 21.121235
2018 17.28302 2.157116
2019 31.73534 85.09129
2020 41.287094 20.791973
2021 89.86673 50.94739
2022 70.142044 68.19173
2023 18.1963 85.21104
2024 52.004265 40.300934
2025 1.3889694 44.306313
2026 55.49595 9.211517
2027 5.786957 56.568317
2028 86.48398 92.008385
2029 62.999355 53.323128
2030 56.245472 2.2458878
2031 93.761986 27.450851
2032 27.58695 55.606026
2033 62.575287 64.45611
2034 68.97946 41.302105
2035 60.306744 50.946274
2036 76.434135 31.774233
2037 44.496323 3.5896149
2038 51.248863 84.63988
2039 94.41855 84.91907
2040 41.491776 11.492504
2041 29.082382 1.519844
2042 42.62397 27.029144
2043 99.68798 47.224834
2044 54.63967 70.8828
2045 60.046253 94.96473
2046 56.866806 67.30305
2047 84.20177 57.77092
2048 92.69708 79.32605
2049 40.487595 88.71341
2050 85.1582 66.1295
2051 46.023857 36.975754
2052 82.16475 94.37233
2053 88.604996 18.118614
2054 25.843885 41.79838
2055 13.370331 13.869961
2056 4.451187 65.83511
2057 66.91355 9.505177
2058 65.30895 83.35132
2059 77.78192 1.950367
2060 68.33449 46.010967
2061 58.731293 8.278969
2062 61.039024 11.6479
2063 72.449356 68.41098
2064 12.467472 13.302628
2065 96.31419 80.977844
2066 68.69415 86.998344
2067 97.6645 26.131252
2068 24.34398 28.475603
2069 21.629421 87.9088
2070 99.47208 88.73724
2071 1.5700722 83.91721
2072 1.4589577 53.670452
2073 2.7113647 78.70908
2074 44.23635 6.398144
2075 60.9242 1.1278076
2076 55.33885 93.174576
2077 5.401016 34.01534
2078 33.366547 84.465546
2079 25.641651 13.076973
2080 54.604347 55.161808
2081 72.42239 86.648895
2082 4.5480614 39.48577
2083 5.0024185 15.828239
2084 29.014069 28.127407
2085 65.94255 72.389145
2086 84.128845 30.467323
2087 63.919327 21.001846
2088 52.073772 10.954353
2089 72.04878 50.456837
2090 39.79449 75.41655
2091 20.94467 6.8966713
2092 67.09157 25.336218
2093 57.271214 61.59634
2094 76.88783 95.75198
2095 90.084 82.37198
2096 25.187466 95.85448
2097 22.758945 13.597942
2098 25.251333 53.553204
2099 14.985161 95.202576
2100 37.22438 86.595184
2101 82.86583 28.407328
2102 62.647335 88.41318
2103 40.645493 58.02901
2104 59.588097 27.975769
2105 86.770096 34.8746
2106 19.785868 46.067944
2107 33.420464 84.64035
2108 86.13988 83.56694
2109 23.03535 5.139744
2110 17.845531 47.125763
2111 60.244156 41.281666
2112 56.014957 54.2002
2113 86.316345 78.89499
2114 80.36737 66.047806
2115 71.19249 34.62452
2116 58.09742 64.23664
2117 52.837532 1.8956604
2118 4.5163956 62.757187
2119 50.056305 51.94503
2120 87.796005 73.95929
2121 83.750824 42.25703
2122 69.910515 38.429142
2123 36.371605 96.54459
2124 94.404465 83.99283
2125 69.70842 68.03974
2126 91.542694 42.695934
2127 86.15135 79.2672
2128 6.217739 3.2981339
2129 49.03912 80.84546
2130 19.387188 34.95552
2131 42.351456 94.45314
2132 64.38454 90.20853
2133 40.16701 29.271326
2134 80.89653 77.79695
2135 39.002518 44.311966
2136 83.58143 66.13122
2137 74.327644 21.574635
2138 60.89153 29.861761
2139 65.136284 76.584
2140 79.02098 47.55756
2141 39.279633 26.993456
2142 1.5200653 95.18544
2143 93.09001 82.37973
2144 26.15966 16.612438
2145 44.695637 25.228539
2146 77.83409 27.08682
2147 32.549797 95.3378
2148 18.250587 75.65517
2149 38.850548 83.948456
2150 65.66776 79.2626
2151 13.835381 26.275555
2152 52.290524 65.24943
2153 45.13703 37.503613
2154 97.15717 15.907654
2155 32.248272 29.160738
2156 89.13112 85.98951
2157 51.794685 28.934254
2158 66.36018 59.324825
2159 40.028854 48.80379
2160 22.330011 68.74927
2161 69.86334 75.40265
2162 71.007675 66.644585
2163 5.5914116 54.778816
2164 1.3092651 84.14365
2165 1.7928772 68.52571
2166 90.95515 50.76602
2167 41.135696 8.6049385
2168 77.18541 50.706036
2169 31.100327 6.552696
2170 79.82506 74.4745
2171 81.720505 90.14562
2172 46.807358 91.70163
2173 56.905315 31.957441
2174 4.8079605 61.437664
2175 62.43584 33.909004
2176 21.035948 19.423971
2177 72.27153 47.93493
2178 90.9458 95.96368
2179 19.398829 88.501144
2180 7.929096 57.973854
2181 86.96071 21.558956
2182 4.186207 48.50321
2183 77.33439 46.062943
2184 7.345783 28.822392
2185 11.810211 11.443287
2186 74.27291 1.5690422
2187 52.697765 38.705017
2188 12.099613 47.920795
2189 44.02292 8.98267
2190 96.617805 95.21704
2191 89.3835 28.446062
2192 7.4460945 37.298588
2193 83.2715 3.1881294
2194 3.3167458 91.65643
2195 41.502056 37.953384
2196 92.36688 52.10367
2197 97.9207 45.91581
2198 63.547066 7.783348
2199 46.186035 40.91723
2200 83.77428 21.1135
2201 96.29111 20.554127
2202 1.6230583 75.12073
2203 93.866066 89.888985
2204 89.85406 20.228523
2205 81.79412 41.949196
2206 60.76112 43.95427
2207 6.4516945 27.026022
2208 79.88057 21.723093
2209 86.420334 59.855328
2210 76.54259 22.093302
2211 52.12244 59.149662
2212 70.623146 91.069275
2213 22.097187 44.627224
2214 81.42037 82.97107
2215 99.72139 75.508644
2216 57.565105 75.915565
2217 21.519573 97.10751
2218 5.4980316 56.014427
2219 28.12604 77.34165
2220 44.70941 81.13886
2221 10.460018 55.775238
2222 71.75703 58.80196
2223 1.2660332 32.634422
2224 27.195251 95.93224
2225 31.372997 50.27246
2226 8.307503 4.7866745
2227 33.026115 86.81792
2228 82.54184 43.22677
2229 74.38078 29.305405
2230 63.89666 79.585304
2231 36.431137 78.05493
2232 42.056007 60.53117
2233 57.695854 43.742702
2234 44.748814 18.09708
2235 20.21456 73.701935
2236 33.499283 85.17026
2237 78.52694 77.29108
2238 22.555992 42.74649
2239 96.08876 1.5417557
2240 55.48076 60.71962
2241 24.414509 62.215816
2242 37.133564 80.99715
2243 12.33976 85.31242
2244 15.063168 96.63754
2245 58.092644 38.362946
2246 5.2988167 56.178646
2247 83.178894 99.01444
2248 74.03436 75.123245
2249 16.837196 3.0791397
2250 22.63054 64.96898
2251 72.86513 46.433323
2252 94.109406 17.474888
2253 32.356476 56.95429
2254 13.272778 74.660934
2255 5.215214 64.05895
2256 91.6664 39.259556
2257 73.78215 23.704468
2258 89.81646 52.806515
2259 13.780598 59.41594
2260 97.993515 82.896736
2261 56.84417 39.813118
2262 88.75441 4.8334694
2263 8.594158 57.58306
2264 47.616116 62.97541
2265 92.01707 70.17377
2266 34.183147 22.928097
2267 40.709717 49.437855
2268 47.254585 80.51732
2269 54.503086 62.9478
2270 21.716024 11.254135
2271 15.517586 28.061722
2272 36.012024 27.075865
2273 62.98364 97.28365
2274 4.7971916 73.12346
2275 30.854727 62.921074
2276 42.217903 76.613396
2277 42.64813 9.097958
2278 80.35192 13.450012
2279 50.549637 71.45481
2280 14.550686 39.676174
2281 10.741524 19.975801
2282 68.88061 21.126562
2283 56.565357 9.259785
2284 79.88626 11.198788
2285 14.752029 87.68306
2286 30.033028 4.579052
2287 46.582573 83.94976
2288 28.06387 41.4497
2289 25.242449 97.50419
2290 13.964947 74.20259
2291 49.9564 75.64115
2292 6.4663467 78.49846
2293 18.134453 41.316063
2294 4.796074 43.997307
2295 86.520935 82.74991
2296 64.950905 79.23241
2297 72.60568 14.560879
2298 95.82292 16.045803
2299 48.608143 89.606705
2300 91.47838 63.805256
2301 93.930885 59.78492
2302 55.2739 10.3119545
2303 11.277649 68.67224
2304 68.126854 47.90545
2305 29.442959 96.581505
2306 17.746979 26.68228
2307 2.5501556 70.38881
2308 61.348335 39.2416
2309 8.683704 49.89014
2310 52.00832 99.36398
2311 5.099148 74.19823
2312 89.5701 80.42979
2313 12.014721 73.028
2314 81.306496 84.43558
2315 76.0829 76.342285
2316 71.82613 70.63114
2317 22.278294 21.853107
2318 59.28603 86.6615
2319 17.86871 13.124931
2320 13.002987 68.53008
2321 18.79206 95.42199
2322 69.031204 92.67772
2323 49.27659 46.793312
2324 8.666092 58.383144
2325 78.57212 78.81716
2326 78.04033 32.199535
2327 20.148642 12.317158
2328 13.560566 92.86832
2329 64.80082 78.26547
2330 95.01947 66.54443
2331 26.889584 89.76001
2332 67.91816 4.996166
2333 22.98103 74.79281
2334 22.088484 86.30888
2335 67.07723 79.005325
2336 75.979294 77.316956
2337 79.53852 22.754187
2338 83.396454 87.26686
2339 12.018967 25.876753
2340 84.656784 11.668045
2341 75.423325 70.37823
2342 23.380651 20.048466
2343 3.5451546 21.601244
2344 45.43632 21.56863
2345 30.16413 74.27829
2346 28.03035 40.426086
2347 23.958414 16.318996
2348 43.660038 39.493034
2349 60.999363 97.54625
2350 11.630329 9.549725
2351 17.273746 92.75559
2352 55.691505 59.30078
2353 58.936413 56.12852
2354 32.16388 25.89855
2355 49.355408 49.86861
2356 91.52467 68.95769
2357 62.897324 79.66986
2358 96.39987 22.633009
2359 93.58107 71.46344
2360 94.208206 66.86422
2361 62.558994 31.090796
2362 87.45523 5.5994415
2363 24.669533 78.83002
2364 76.23218 74.90535
2365 78.76043 13.562157
2366 17.608822 73.74257
2367 49.80589 90.35564
2368 18.586273 1.8928604
2369 75.87668 59.055542
2370 11.94669 25.760525
2371 79.12436 96.37065
2372 81.39134 92.21063
2373 70.97141 1.0120811
2374 14.005196 27.434755
2375 38.307724 34.581844
2376 21.497297 29.454063
2377 24.15192 12.39249
2378 42.62037 41.733727
2379 73.64375 91.49864
2380 10.4790535 6.950554
2381 7.772049 65.56124
2382 22.54067 56.2642
2383 10.2783165 98.81501
2384 56.386723 23.292416
2385 29.130606 7.243225
2386 62.69362 62.80107
2387 25.020294 74.86832
2388 11.002029 1.9545898
2389 37.902466 72.9503
2390 75.85945 51.888462
2391 82.49036 71.16758
2392 18.969349 43.02286
2393 22.314 40.098232
2394 15.120529 23.121126
2395 63.249214 51.658283
2396 16.973446 75.4756
2397 53.139263 64.4131
2398 32.157356 88.47424
2399 75.47907 3.6369934
2400 48.427727 17.298073
2401 66.40764 60.709538
2402 76.80288 49.407856
2403 21.41412 4.194107
2404 72.07418 90.43976
2405 95.64188 53.627987
2406 33.34105 5.727207
2407 26.36168 7.8114395
2408 49.193764 86.50264
2409 75.85928 86.42913
2410 50.74429 85.45187
2411 2.0747414 11.477783
2412 86.14304 4.0021973
2413 72.308075 56.263714
2414 10.611977 99.9265
2415 71.335976 60.726505
2416 9.045605 97.07024
2417 10.800835 8.661175
2418 64.38396 23.056149
2419 69.28865 37.005028
2420 70.992485 94.18421
2421 1.5475273 62.286438
2422 42.644157 1.4384346
2423 61.79248 54.259953
2424 93.64078 36.254074
2425 10.052448 55.699585
2426 59.072308 68.85106
2427 79.0111 89.05717
2428 5.761669 19.978828
2429 96.20451 76.815506
2430 19.856283 41.146435
2431 94.38983 10.44754
2432 18.908262 91.481674
2433 96.9778 28.682579
2434 69.900215 72.95586
2435 70.81864 2.6174164
2436 75.432785 96.11209
2437 39.946014 32.51494
2438 96.53688 35.81465
2439 22.922659 77.83325
2440 11.498955 40.710197
2441 91.72926 13.748619
2442 47.359188 23.801805
2443 29.468668 62.60598
2444 20.152176 38.343887
2445 90.65358 83.50747
2446 30.049059 30.68736
2447 41.294106 18.311691
2448 35.07271 74.258865
2449 53.715843 51.49433
2450 62.755096 69.26045
2451 57.863995 94.00101
2452 49.543392 81.88576
2453 64.14722 76.05775
2454 85.14566 91.64633
2455 22.724947 90.78371
2456 57.27485 22.979124
2457 36.40149 65.333176
2458 70.38545 67.917984
2459 80.44882 21.420639
2460 22.426378 4.1674385
2461 27.967999 42.131603
2462 93.654526 76.94468
2463 11.569176 56.81064
2464 24.505304 71.28525
2465 70.07418 10.408749
2466 43.630028 5.9868126
2467 70.727325 58.350853
2468 31.736122 43.867355
2469 98.54108 67.00914
2470 2.2967072 49.555252
2471 16.865826 3.8178062
2472 20.330732 48.43721
2473 13.185238 50.517403
2474 28.710361 49.75846
2475 15.9326935 62.130287
2476 15.1779785 15.745182
2477 52.075428 85.59061
2478 38.32896 54.50185
2479 2.1802368 38.522987
2480 26.03108 11.989651
2481 97.65102 74.41681
2482 95.47662 1.2362556
2483 32.169884 4.8101807
2484 64.963196 22.172297
2485 13.35458 31.734364
2486 10.810646 64.50698
2487 30.405424 33.19025
2488 93.29608 3.645584
2489 83.375885 72.70511
2490 36.4832 67.8096
2491 59.77041 92.41788
2492 39.753197 61.755913
2493 83.41693 54.445232
2494 33.584778 71.12573
2495 98.384186 66.41425
2496 44.491646 41.608658
2497 30.613081 66.822426
2498 7.859661 9.681511
2499 3.4446068 70.196846
2500 71.181206 33.359856
2501 66.18829 81.79815
2502 44.006596 1.5964203
2503 44.572155 43.132504
2504 66.74743 1.4868851
2505 87.550476 76.86903
2506 17.80365 83.596344
2507 19.773834 27.570482
2508 93.51619 61.597614
2509 74.681435 87.07793
2510 69.87993 55.64479
2511 64.154305 30.591259
2512 68.90787 41.9904
2513 28.89617 71.43782
2514 49.03751 66.1589
2515 39.447475 74.501625
2516 92.76908 87.09445
2517 3.6425934 30.145496
2518 47.038216 52.581863
2519 42.965908 73.04668
2520 45.289276 22.270206
2521 60.90529 71.4378
2522 23.987942 13.912693
2523 89.72909 79.02485
2524 12.599834 53.18425
2525 50.698082 20.581877
2526 32.685684 13.620979
2527 48.98612 64.484604
2528 76.0291 38.480164
2529 73.20449 43.547417
2530 83.087814 14.249004
2531 38.838196 52.48694
2532 48.354965 70.34076
2533 33.8752 13.964252
2534 5.891056 61.08018
2535 21.939484 20.943327
2536 77.42141 41.690914
2537 46.71973 53.80106
2538 54.32727 52.865982
2539 88.895004 50.268486
2540 16.32402 69.07192
2541 77.34704 35.318714
2542 76.608 17.074814
2543 63.516212 94.66182
2544 27.344221 36.414482
2545 60.480667 44.345757
2546 68.271904 25.220577
2547 43.97135 34.038307
2548 82.85692 12.099758
2549 95.24179 47.58162
2550 69.58002 73.86658
2551 49.285774 18.745874
2552 4.3145065 20.588772
2553 30.241293 97.40476
2554 66.209015 12.862087
2555 56.040226 79.15501
2556 46.705044 45.78258
2557 29.801577 4.5130844
2558 22.678535 21.022245
2559 25.537182 90.59755
2560 46.764023 81.970215
2561 93.86691 46.80918
2562 78.94542 15.805359
2563 58.633133 28.735626
2564 20.54681 16.664814
2565 19.991467 52.911644
2566 31.503136 43.784595
2567 7.685753 14.409992
2568 57.15396 23.289772
2569 60.84328 22.357292
2570 13.666569 30.287052
2571 96.21095 33.652943
2572 53.489536 96.35142
2573 16.241852 74.094315
2574 34.173027 41.80757
2575 34.17113 47.34858
2576 35.232082 39.804962
2577 60.72288 34.233536
2578 44.052937 91.11488
2579 86.90626 70.16728
2580 75.69242 72.023865
2581 16.727673 94.607605
2582 13.134205 62.39935
2583 7.834343 80.361885
2584 94.62008 32.681473
2585 88.93724 71.642044
2586 45.031315 34.078133
2587 56.22206 66.73564
2588 24.500065 58.04069
2589 16.939308 80.17273
2590 30.373339 45.276505
2591 5.457348 39.92915
2592 85.912384 11.060352
2593 27.428402 78.93616
2594 46.2441 89.92924
2595 20.286287 13.075932
2596 92.02048 46.22741
2597 46.757744 56.149845
2598 44.790794 59.51911
2599 88.24538 70.028046
2600 89.849976 72.87004
2601 43.01774 48.830498
2602 16.530346 66.1102
2603 27.322502 54.104645
2604 20.694479 35.320953
2605 31.68782 44.19755
2606 3.2945557 43.87084
2607 18.992258 20.432337
2608 35.37387 73.541046
2609 65.47102 52.15109
2610 59.879765 37.36606
2611 32.17052 11.575596
2612 46.36464 3.2043915
2613 74.07073 37.75316
2614 21.764801 30.05913
2615 20.845118 52.42483
2616 44.824684 49.45735
2617 3.3075752 97.23602
2618 49.072414 13.116196
2619 20.630245 4.498825
2620 64.07131 92.1399
2621 93.11572 38.54745
2622 43.80175 1.1958389
2623 18.047775 32.378113
2624 77.350784 33.239662
2625 25.161617 32.36698
2626 74.38546 1.4113159
2627 27.807638 97.81214
2628 7.1652527 73.39795
2629 92.67026 22.598803
2630 2.6669044 57.63142
2631 11.495045 26.612234
2632 44.74096 18.559633
2633 77.19769 40.607258
2634 1.9342041 62.23728
2635 79.13578 69.14453
2636 55.324608 74.375015
2637 64.67556 13.390587
2638 63.848648 20.423008
2639 47.661465 44.875088
2640 29.01463 65.1875
2641 50.2699 4.2419434
2642 6.3973083 60.103584
2643 13.371075 5.0584984
2644 34.091118 85.50174
2645 15.811909 42.392796
2646 33.159863 94.30179
2647 61.68365 37.450638
2648 81.969246 46.975174
2649 58.668427 83.982605
2650 67.89142 81.22026
2651 99.59885 19.480644
2652 89.2048 15.604641
2653 73.38685 5.7118073
2654 50.65007 39.738937
2655 39.918224 46.101746
2656 32.41709 66.56017
2657 36.933533 9.715088
2658 7.84515 88.86275
2659 18.242645 42.455704
2660 40.49266 36.510986
2661 11.323338 37.551765
2662 14.941277 45.774708
2663 76.083984 5.912777
2664 78.546524 11.956024
2665 33.707085 4.865986
2666 3.672657 92.44347
2667 57.049503 21.617176
2668 67.05665 69.633896
2669 84.36688 59.322395
2670 23.017374 36.270073
2671 47.3233 97.69415
2672 39.393368 91.905045
2673 6.214016 81.854935
2674 17.089596 57.550964
2675 39.36384 16.052673
2676 50.773293 27.817307
2677 72.57126 9.976437
2678 78.99828 29.436434
2679 5.780754 94.150665
2680 12.492619 69.143555
2681 73.2182 23.202566
2682 95.92938 38.203857
2683 1.5561371 5.1238213
2684 61.08995 31.20844
2685 18.438774 90.853424
2686 95.22839 74.55153
2687 50.433548 15.544113
2688 90.385376 77.828606
2689 4.9671288 98.39043
2690 97.09349 9.464615
2691 33.09395 83.53113
2692 80.946075 17.157887
2693 83.009895 72.16318
2694 7.3711205 46.956535
2695 8.4556465 66.98143
2696 1.3383446 14.12714
2697 13.285553 37.85588
2698 48.07455 18.748098
2699 51.118103 6.7178802
2700 89.00028 37.224556
2701 51.6215 38.318977
2702 50.71728 72.62134
2703 85.46094 46.379314
2704 77.423134 60.546646
2705 69.46148 55.06937
2706 87.77348 23.582615
2707 71.27294 24.706377
2708 97.71488 32.88481
2709 14.476288 92.865814
2710 35.032608 23.78196
2711 78.78686 85.71109
2712 59.842434 54.12114
2713 2.4531555 17.575619
2714 75.065155 22.185741
2715 30.05716 99.40245
2716 14.29958 53.06919
2717 32.580276 24.92899
2718 98.0132 86.613335
2719 28.178705 52.169632
2720 47.489166 56.485245
2721 88.59474 65.6998
2722 15.987453 29.654226
2723 57.504196 84.968636
2724 36.462257 30.483545
2725 51.94172 6.9004097
2726 27.56337 52.689293
2727 73.01421 78.45506
2728 55.081203 8.406502
2729 12.760532 29.98898
2730 87.80614 49.88614
2731 98.84785 30.995214
2732 95.68297 98.49382
2733 67.35274 21.991049
2734 29.30656 76.86892
2735 23.185102 97.793564
2736 42.340313 42.27013
2737 96.71135 73.05162
2738 74.84659 12.385723
2739 87.03105 26.576052
2740 95.70416 36.323162
2741 3.514454 40.306732
2742 70.01919 35.912766
2743 77.06705 62.569725
2744 6.485096 67.8413
2745 30.138443 18.836172
2746 48.558346 59.648506
2747 30.176796 76.699585
2748 77.94073 52.70886
2749 34.252823 5.6965294
2750 98.7811 1.5101395
2751 83.02634 81.93184
2752 27.377968 4.8026733
2753 39.50484 31.224022
2754 4.276684 88.45599
2755 35.11212 2.796276
2756 30.553251 22.223991
2757 93.45273 3.4276237
2758 39.823032 67.91275
2759 37.719254 36.74407
2760 52.85901 23.231396
2761 56.37895 74.12105
2762 33.47184 49.98387
2763 7.6469727 90.93949
2764 54.333134 62.197388
2765 37.55511 83.52304
2766 44.32585 2.7671013
2767 5.898388 91.7755
2768 82.06604 56.12957
2769 40.32723 60.759148
2770 68.3688 53.48648
2771 87.60715 61.609062
2772 2.1052742 94.66417
2773 54.95363 43.02627
2774 53.056164 91.79465
2775 86.52896 38.464153
2776 12.62944 6.2924232
2777 64.62578 72.200134
2778 32.039055 6.8914375
2779 78.62111 20.717066
2780 7.9339104 76.2854
2781 1.6143265 33.556923
2782 75.56518 41.036606
2783 49.601994 43.570744
2784 95.61899 70.60113
2785 76.661545 43.1853
2786 69.72373 27.76689
2787 51.64953 15.53442
2788 11.775913 62.65432
2789 10.379433 24.732464
2790 5.8500595 51.213673
2791 69.2139 84.18617
2792 12.9073715 54.773197
2793 50.704674 76.60783
2794 14.047951 44.251015
2795 33.649727 39.899937
2796 7.7624016 20.669617
2797 58.789665 31.421144
2798 96.19446 76.2769
2799 71.02526 23.958567
2800 68.513916 82.41048
2801 5.5669556 3.7218819
2802 21.695942 51.453045
2803 23.548384 39.78924
2804 67.13379 61.483532
2805 13.883587 32.54489
2806 19.361664 42.139385
2807 29.955477 55.715546
2808 93.54758 99.11857
2809 91.16544 79.51611
2810 3.3168335 44.746155
2811 24.724888 1.8713455
2812 40.229195 90.923294
2813 53.886173 91.95695
2814 87.95169 77.336975
2815 60.543114 19.29507
2816 26.67122 57.05052
2817 91.1061 96.18955
2818 30.000586 32.795883
2819 13.9369545 94.22511
2820 40.080994 73.083916
2821 16.935604 47.023674
2822 81.425865 23.748472
2823 50.967438 93.66901
2824 39.62918 9.395943
2825 35.884495 72.409996
2826 82.68693 24.654602
2827 13.634716 99.255844
2828 14.060535 58.731937
2829 63.371006 41.860916
2830 25.19194 94.33548
2831 17.335049 77.258026
2832 52.057865 29.951859
2833 30.398817 88.28006
2834 55.262814 76.41332
2835 35.015045 25.94781
2836 7.450989 82.38733
2837 28.683811 44.075806
2838 35.73034 35.419476
2839 24.77108 55.82122
2840 81.42177 25.395754
2841 24.82221 6.396534
2842 28.885143 5.026787
2843 1.2676582 93.16406
2844 76.39154 96.190414
2845 82.74339 13.009853
2846 1.0090752 95.85651
2847 50.517605 1.3231354
2848 68.07097 25.12413
2849 52.00308 80.295746
2850 60.635178 31.413746
2851 5.18557 21.114235
2852 80.681244 45.626064
2853 44.111954 26.327883
2854 38.40663 88.522934
2855 4.960129 19.374369
2856 14.902821 91.29022
2857 24.824373 16.66372
2858 62.24782 60.173954
2859 35.51056 84.14329
2860 56.473408 12.408871
2861 20.182571 59.721188
2862 46.02985 42.94012
2863 67.956505 5.4270096
2864 16.826668 35.642723
2865 38.48297 88.81862
2866 98.65207 97.668686
2867 80.63254 90.787766
2868 24.802107 41.863045
2869 4.6773567 27.31602
2870 37.616356 25.037348
2871 55.93129 98.5289
2872 33.005608 98.399605
2873 26.01792 99.046646
2874 30.05838 1.9898262
2875 78.799965 24.71162
2876 81.00479 39.985645
2877 95.67054 36.29957
2878 40.999504 80.52334
2879 18.579895 65.33821
2880 26.126211 14.615089
2881 99.515 2.1327477
2882 54.383385 90.73178
2883 37.15535 25.87586
2884 18.994621 66.81105
2885 90.96976 34.07759
2886 27.341694 82.20358
2887 77.83519 86.76817
2888 94.62775 4.734085
2889 30.74789 32.25052
2890 58.920822 77.26605
2891 5.530205 92.51689
2892 3.251068 98.3776
2893 99.927826 85.551605
2894 47.35522 49.317112
2895 11.731899 25.559101
2896 14.659851 26.450144
2897 98.793594 99.5994
2898 23.211542 54.0483
2899 65.66189 89.27516
2900 88.99692 15.695774
2901 21.931051 65.640175
2902 6.881489 77.34535
2903 61.597282 70.1156
2904 50.70669 30.167356
2905 44.793518 63.27813
2906 23.437336 2.3932877
2907 45.770245 10.651936
2908 53.85987 80.52098
2909 74.89195 24.9226
2910 21.827831 57.660454
2911 2.5911102 78.09889
2912 12.784546 10.471882
2913 20.415125 84.72106
2914 49.34811 25.25498
2915 10.345379 37.376816
2916 29.785526 56.185806
2917 34.15176 64.702896
2918 5.8763847 13.891468
2919 18.557316 22.013542
2920 21.452805 33.810303
2921 58.166588 50.52581
2922 10.775322 78.64111
2923 65.587 61.43316
2924 85.71768 51.393894
2925 67.83211 73.01135
2926 35.505875 83.45849
2927 89.88047 95.2451
2928 67.01953 38.664314
2929 63.79632 65.39991
2930 36.079964 89.45587
2931 34.668133 31.733213
2932 13.410843 38.924896
2933 39.37394 8.589115
2934 68.03989 62.69174
2935 42.31256 95.05034
2936 80.34124 27.53186
2937 61.156498 50.56142
2938 42.21822 41.340225
2939 32.66076 76.87692
2940 6.002617 51.788715
2941 59.670155 53.429054
2942 26.070269 95.685165
2943 36.4657 55.4264
2944 20.3137 71.932465
2945 32.561516 80.64269
2946 1.722084 17.242428
2947 14.289158 72.40947
2948 30.409279 50.338306
2949 54.20412 34.24379
2950 38.857883 80.45617
2951 47.297005 14.381626
2952 86.61206 78.5762
2953 89.686615 21.971539
2954 8.572041 58.06034
2955 96.36425 36.602524
2956 66.242004 26.255548
2957 91.36057 83.89528
2958 35.212852 24.70681
2959 99.88621 30.467375
2960 57.089844 49.908478
2961 17.72136 1.9821739
2962 86.27768 63.878338
2963 95.4677 45.554947
2964 54.40064 88.02641
2965 96.010056 99.02457
2966 13.412498 99.96631
2967 22.026289 91.03383
2968 17.289688 9.831821
2969 56.218105 77.631805
2970 8.927769 92.65935
2971 29.134964 81.88843
2972 57.44995 87.77237
2973 66.051315 6.8681145
2974 18.999914 74.5639
2975 68.12777 48.4854
2976 32.725193 55.34867
2977 82.50411 97.79509
2978 84.787605 68.16275
2979 95.372696 20.206554
2980 58.333935 65.48975
2981 63.088413 27.33396
2982 26.871496 53.35987
2983 78.51119 80.32965
2984 66.12669 89.36986
2985 54.457462 4.8160973
2986 95.12248 7.562702
2987 81.57997 76.31172
2988 59.938972 47.26701
2989 92.62287 67.09877
2990 91.65167 76.91345
2991 92.25475 90.39575
2992 23.389732 35.12169
2993 48.85753 52.242672
2994 65.17899 47.729492
2995 10.822098 7.2528267
2996 23.270243 31.362917
2997 52.685665 76.32129
2998 41.799507 11.927471
2999 85.38765 29.72657
3000 62.533783 79.0756
