500
1 27.026384 45.557083
2 54.808533 38.94922
3 53.163902 47.315
4 82.865204 21.69387
5 49.27456 67.742516
6 6.5857964 75.17103
7 36.65686 17.306862
8 39.833717 38.03932
9 84.76487 8.060753
10 52.62954 78.09377
11 19.804014 57.37072
12 15.166252 30.152517
13 44.37007 94.020935
14 28.125048 43.70309
15 61.362507 95.20689
16 91.54369 89.405304
17 24.295132 30.483541
18 22.488604 2.5031166
19 34.20617 74.08528
20 96.75285 47.585976
21 61.6743 65.76028
22 76.16085 24.220465
23 4.823517 82.2854
24 35.683563 33.332138
25 86.06474 46.25981
26 95.58185 18.717148
27 43.79774 99.02504
28 98.53714 79.71331
29 6.049122 16.688934
30 33.880768 36.870197
31 19.168238 30.398367
32 90.033066 15.502129
33 56.626137 3.1076088
34 50.104275 98.90618
35 12.044579 11.956726
36 6.0957527 87.33234
37 31.361664 53.669987
38 63.41133 98.39824
39 6.73806 78.24028
40 99.43683 50.130737
41 21.788372 61.645554
42 21.571268 57.718758
43 59.628536 57.997776
44 64.79823 86.22319
45 48.656986 81.581635
46 62.30947 33.359127
47 49.88131 54.32151
48 26.690449 36.960304
49 49.749695 27.146845
50 9.809528 32.092495
51 98.6266 28.457758
52 75.72237 32.847866
53 78.63783 64.164795
54 51.7313 3.1183052
55 13.104332 21.890629
56 79.223465 13.023384
57 76.611305 68.203964
58 34.44525 58.663506
59 94.861626 15.283749
60 5.7772484 16.730747
61 15.070831 26.500437
62 39.22187 17.267063
63 91.65755 74.001236
64 70.107834 24.527945
65 45.03633 8.484047
66 66.38621 70.777664
67 55.923798 53.40663
68 78.910934 31.749634
69 50.221107 29.31624
70 47.308395 36.431427
71 95.33357 79.57794
72 44.80623 35.92092
73 79.86041 66.29343
74 55.144222 21.29727
75 73.20577 95.37383
76 24.097652 8.908329
77 74.89256 75.84488
78 93.016205 23.924112
79 32.98885 72.83852
80 91.78065 52.150196
81 63.32293 25.011063
82 62.70089 18.081638
83 93.77176 51.409256
84 41.92271 45.276466
85 69.35922 47.73584
86 13.803177 96.393005
87 19.785353 28.567627
88 75.87876 2.3593483
89 75.32156 17.787998
90 71.67057 97.128174
91 37.182495 68.81853
92 26.564629 85.52016
93 18.943794 6.3416443
94 48.74077 45.173004
95 78.73573 18.129498
96 62.52766 27.494617
97 84.458824 72.30882
98 92.20148 45.54102
99 53.049343 27.14113
100 71.81773 83.01709
101 69.74428 13.572659
102 8.711395 36.193836
103 64.68753 91.04616
104 20.433588 27.763979
105 79.32663 70.65275
106 12.6230545 12.211189
107 26.183504 67.96332
108 7.3534393 85.997574
109 83.635765 15.103313
110 49.599094 36.996025
111 58.519867 75.65247
112 90.54527 87.22692
113 48.374058 56.21086
114 69.425766 10.996319
115 85.94865 75.90141
116 63.221207 83.834
117 6.437008 46.220936
118 46.700653 42.882347
119 41.38587 28.776703
120 19.924896 88.25894
121 69.09839 95.28661
122 53.069275 68.884735
123 14.830582 22.988771
124 26.376583 94.007935
125 66.29199 96.9494
126 93.07963 55.817867
127 29.307964 1.6108894
128 31.289734 80.67674
129 71.38614 90.25809
130 67.205795 21.001968
131 74.81322 96.71801
132 17.470882 40.02126
133 54.69246 81.66917
134 53.507935 2.7569313
135 48.44532 15.417164
136 73.92614 10.635761
137 51.387474 8.115738
138 1.4416122 67.94243
139 83.235794 30.061852
140 92.98086 41.158833
141 72.23994 22.173487
142 3.1663551 61.701027
143 22.300346 24.853704
144 90.24982 7.3103943
145 21.84552 23.82483
146 68.22415 23.22039
147 24.993254 44.963383
148 4.329174 7.3073883
149 87.86731 29.105148
150 68.97521 1.5977364
151 57.34062 23.598398
152 19.976746 36.565872
153 33.544903 46.110653
154 20.46496 30.26656
155 3.6597862 86.42781
156 33.68805 34.3393
157 17.240562 14.662903
158 21.62978 40.363132
159 80.73092 8.025936
160 77.62832 7.0427513
161 52.448227 24.720503
162 78.52225 73.05599
163 94.44038 32.0216
164 94.80941 88.512535
165 27.731817 63.483643
166 49.059917 14.76469
167 19.973896 79.719025
168 59.490784 38.72613
169 20.862093 28.379557
170 59.578564 29.923973
171 52.349304 56.785446
172 96.11163 48.11836
173 64.49631 60.296562
174 15.995758 88.746216
175 62.870224 82.111786
176 96.69316 72.76178
177 90.635086 49.30658
178 21.262747 16.410236
179 30.910408 72.41778
180 76.04094 78.18844
181 60.561752 54.045303
182 63.941715 5.6639824
183 12.100048 22.858803
184 97.22919 47.393753
185 9.023743 85.259125
186 8.789726 29.00647
187 18.885921 71.11466
188 38.594368 1.4883652
189 48.206276 93.27641
190 76.17017 80.75865
191 26.152946 36.78559
192 31.073715 24.063856
193 76.347565 67.37433
194 12.642204 36.38075
195 95.23439 4.7357254
196 99.43712 47.219795
197 81.445595 46.190067
198 15.263939 53.29648
199 31.445206 56.925877
200 99.89105 10.611404
201 57.465366 75.929276
202 8.012066 74.15979
203 55.55751 35.862732
204 31.961735 34.5073
205 67.19028 68.280594
206 88.47681 40.56627
207 30.721151 20.295443
208 36.430325 74.94744
209 21.89144 12.936157
210 46.68808 16.78896
211 82.82717 60.26036
212 5.401062 78.81328
213 52.880352 90.060684
214 3.135254 52.87367
215 51.181164 93.51465
216 72.55064 55.191895
217 49.573605 20.427881
218 51.01969 4.648506
219 51.41461 17.609211
220 89.29414 31.545765
221 92.8631 63.832836
222 54.776443 54.526226
223 51.92453 55.88065
224 75.6233 24.241655
225 90.3043 99.20906
226 33.11787 10.116554
227 75.63513 4.950588
228 47.06116 55.017517
229 19.932419 87.73311
230 56.03695 38.716858
231 1.9476318 69.04397
232 29.076012 53.283882
233 63.492996 47.073887
234 54.559036 82.412544
235 14.896938 38.04978
236 97.08388 45.995342
237 55.11973 97.348
238 45.238613 47.821274
239 79.20113 38.996292
240 44.62733 81.470665
241 46.35628 57.258476
242 49.34747 79.688835
243 18.321957 47.11774
244 53.835224 48.132042
245 95.12842 94.66427
246 60.790653 60.44679
247 53.51047 17.284386
248 51.83383 55.5053
249 38.94299 32.189796
250 72.247665 40.89704
251 21.702913 23.147741
252 83.504776 33.90969
253 87.1909 46.25777
254 22.060192 55.647427
255 27.223457 78.1027
256 10.110901 11.05468
257 86.24322 90.6647
258 51.935062 60.53886
259 21.475554 40.564163
260 69.27162 43.75487
261 75.64171 76.78307
262 79.348946 33.17109
263 57.60965 7.4087524
264 59.002365 48.913227
265 3.1693726 46.07526
266 5.7938538 81.43704
267 80.82934 50.20802
268 66.15315 51.38908
269 55.091896 74.13817
270 56.039986 29.899435
271 64.25865 50.29909
272 32.350727 85.62163
273 24.202347 96.33858
274 58.182922 71.36772
275 60.386417 42.90951
276 68.208755 43.683193
277 80.20734 9.392006
278 70.561295 32.771236
279 15.258453 84.5535
280 12.60215 18.117954
281 64.6152 16.890919
282 72.09995 92.70436
283 37.93191 56.509506
284 60.230713 41.19728
285 54.26168 67.06373
286 2.9118767 74.88698
287 59.090157 27.5145
288 64.43023 21.488453
289 47.54972 58.255074
290 30.868702 59.346447
291 26.790926 78.77352
292 22.376877 18.056183
293 1.6926918 18.33255
294 16.715836 98.83705
295 83.3932 76.12428
296 29.736908 69.80562
297 88.546036 5.994137
298 77.42504 43.488487
299 57.544952 36.668903
300 92.626495 66.231
301 32.13749 69.5301
302 51.00858 83.81154
303 64.098465 31.609505
304 92.11673 6.9421806
305 61.279644 98.936035
306 68.37535 91.10901
307 41.451588 15.604004
308 48.430317 79.94227
309 55.532772 2.407917
310 66.576866 37.695946
311 60.436104 43.561417
312 59.492977 71.04531
313 98.90699 94.8689
314 5.2641144 45.279755
315 55.23046 81.84987
316 77.18445 90.47092
317 6.7206993 2.103981
318 99.093445 37.258743
319 42.96804 33.626427
320 22.62733 73.730286
321 72.20795 8.428261
322 36.583668 74.17587
323 52.240578 6.987152
324 8.628403 91.23842
325 11.655933 49.703896
326 64.88423 11.81818
327 47.586765 6.857086
328 67.81842 80.36165
329 51.04355 95.16203
330 14.664688 58.040653
331 42.825436 96.15065
332 93.856445 28.514067
333 55.691223 1.72612
334 42.891617 67.67622
335 4.8845024 91.41354
336 13.516369 73.971054
337 8.964634 18.229237
338 3.7635193 73.24056
339 74.22167 30.101032
340 78.72133 62.87085
341 75.2442 17.308971
342 72.99231 6.6501656
343 70.42849 13.220882
344 41.50679 21.624077
345 81.87717 78.63754
346 26.88541 25.749197
347 80.951546 11.2101555
348 50.880196 80.45883
349 4.2697716 90.044525
350 65.458786 84.09349
351 58.384804 62.35701
352 3.667057 86.95024
353 53.962746 61.146023
354 31.359276 31.420006
355 91.123184 27.831024
356 16.353447 26.146519
357 47.62297 52.768623
358 35.82754 12.072136
359 88.03475 35.232468
360 27.19046 67.59729
361 73.025955 51.82293
362 94.09769 91.28346
363 66.90729 46.882526
364 95.37196 74.393005
365 53.928787 86.31199
366 67.67255 28.439415
367 98.063995 98.32167
368 26.599617 14.404919
369 33.364586 52.956696
370 6.214531 96.92886
371 75.93949 66.03785
372 81.738525 40.37024
373 13.86002 5.877804
374 69.64126 70.58449
375 10.223007 16.565845
376 17.360489 67.28365
377 7.91539 8.168331
378 31.82631 86.07698
379 90.178345 86.01951
380 5.8863487 15.153385
381 85.96904 9.553204
382 60.79312 70.5846
383 23.720232 87.40083
384 17.109585 33.337772
385 64.65134 97.73924
386 10.809067 91.688965
387 55.81412 94.05643
388 20.6259 12.398808
389 1.6436768 18.23721
390 77.63341 7.4279404
391 13.519386 91.96799
392 23.969486 56.028725
393 54.51904 65.09059
394 26.23605 99.1237
395 14.922218 61.025833
396 39.979042 34.245712
397 30.723938 58.702858
398 71.04988 23.05198
399 36.660843 6.1372986
400 13.234764 82.867905
401 22.904263 93.66931
402 33.16307 23.448137
403 60.081425 75.69863
404 8.739983 91.65072
405 75.47205 35.945187
406 15.882023 46.286224
407 48.383583 92.643234
408 16.608955 73.5565
409 81.740234 94.84326
410 97.445755 87.689285
411 39.086468 1.1449966
412 68.17372 79.512314
413 60.316963 99.25818
414 42.521984 54.591858
415 84.96347 35.449738
416 25.452581 71.17944
417 13.85088 83.87937
418 27.52605 30.858282
419 84.3262 61.565697
420 12.939934 48.32207
421 18.839544 87.35483
422 6.013645 12.042892
423 55.348263 35.68725
424 92.397865 56.07634
425 77.080734 84.29615
426 27.5783 47.696175
427 31.976505 61.342117
428 77.82501 18.457596
429 37.895782 92.98839
430 13.922794 69.54016
431 96.87135 7.271267
432 26.314623 18.562943
433 31.46043 26.422455
434 63.897408 74.99857
435 72.91113 1.4235535
436 91.987755 22.834692
437 52.406883 22.072002
438 78.43357 76.32968
439 84.843155 54.870625
440 91.00037 91.85878
441 42.968475 75.310616
442 47.969955 95.95766
443 65.43089 81.34926
444 27.15486 13.124908
445 38.63728 12.222496
446 41.813095 85.13629
447 13.514435 1.0776024
448 37.045586 20.464216
449 17.480816 89.44436
450 37.360535 70.67348
451 98.757675 56.925323
452 68.745 9.008076
453 41.697 25.858852
454 18.694098 83.87993
455 52.19298 66.39297
456 78.11331 59.742462
457 16.54757 96.63135
458 55.86049 52.020924
459 59.2208 66.43183
460 24.519487 63.380623
461 47.217896 69.50702
462 48.562565 68.88025
463 45.95981 12.734371
464 48.076073 91.67198
465 83.442635 7.730522
466 95.48984 55.316063
467 59.907974 82.920425
468 39.69622 44.458443
469 50.03738 99.29106
470 43.71457 87.3629
471 71.83196 17.36818
472 98.45358 59.0189
473 9.036083 66.09742
474 69.46985 4.9931335
475 23.282366 69.581604
476 85.788345 86.835945
477 18.775301 74.47152
478 65.638336 68.161514
479 4.159294 70.760254
480 17.520721 94.11264
481 17.441635 60.694626
482 35.078594 41.35224
483 32.47427 67.947845
484 13.737347 27.620813
485 44.417446 55.13146
486 42.680443 88.56836
487 22.840197 92.46582
488 65.73352 94.21114
489 25.527473 15.211102
490 14.553783 8.581436
491 79.21858 24.538752
492 43.77909 65.83103
493 73.11735 57.699413
494 45.070866 88.23874
495 76.59346 6.5573273
496 60.504562 87.32492
497 30.200872 96.49376
498 25.321356 42.869316
499 34.066948 11.037445
500 66.007 28.787792
