80
1 22.456675 76.27751
2 45.727165 82.3902
3 88.18619 63.920704
4 2.6551666 82.04744
5 11.606903 70.77509
6 45.59443 25.175629
7 72.232056 11.394505
8 39.457882 60.55687
9 59.092026 49.848076
10 35.91394 83.664795
11 32.35125 20.835787
12 95.69865 52.45298
13 42.926643 12.071716
14 79.27962 53.81631
15 25.75338 18.094433
16 97.68855 16.79787
17 35.07563 6.0133514
18 26.21759 85.491196
19 29.705309 20.274553
20 68.35517 47.560665
21 80.19222 22.930788
22 37.84894 91.43858
23 20.221941 24.504784
24 93.803185 54.798042
25 27.727291 39.636375
26 75.856 74.28735
27 18.952284 97.32355
28 87.54036 50.385757
29 17.747139 8.614929
30 59.587345 83.636566
31 21.465734 9.168098
32 56.01835 85.95743
33 90.55017 87.9368
34 20.55315 43.879513
35 65.977776 86.29184
36 27.501192 84.158905
37 71.11397 28.978693
38 23.734411 31.161707
39 49.87206 9.831039
40 40.895214 25.772856
41 44.752613 6.5862923
42 77.418755 30.060316
43 48.75472 59.3822
44 42.01816 37.117504
45 84.322784 42.713867
46 4.3365326 92.41728
47 96.29634 41.719143
48 76.08919 74.894135
49 54.36737 70.49219
50 61.17438 32.091484
51 11.430626 92.76355
52 56.141487 95.990295
53 92.20014 21.764748
54 30.869314 65.10263
55 44.203934 18.102142
56 80.57381 84.37491
57 76.363365 57.23211
58 9.4851 99.587906
59 9.727444 30.037745
60 48.15062 67.38951
61 43.21279 94.94173
62 54.663826 92.194336
63 20.688437 41.16787
64 26.370827 89.36902
65 45.90425 8.75526
66 12.486126 84.837555
67 93.25572 64.89667
68 21.157452 86.74559
69 29.484436 29.438549
70 40.326454 86.89151
71 64.93523 47.9758
72 96.66707 24.698343
73 58.81183 89.362335
74 51.2216 57.994698
75 36.59212 45.523426
76 56.6945 85.86144
77 4.11919 43.75643
78 31.23868 88.78261
79 99.532135 50.96106
80 22.093987 22.550053
