90
1 44.051212 62.297634
2 24.539297 20.063223
3 72.15046 91.11984
4 25.322165 10.5461235
5 20.736727 99.28162
6 49.558502 82.320366
7 29.386429 18.41122
8 61.908756 24.981638
9 69.85213 59.204163
10 60.52509 60.434967
11 50.011147 39.05017
12 91.68912 24.534103
13 78.654915 54.980698
14 96.08764 37.6112
15 59.153652 84.20165
16 62.59088 83.55203
17 26.300274 10.257336
18 4.8900223 10.398918
19 3.4503632 45.24077
20 38.731766 92.926254
21 37.08931 9.667435
22 46.45072 4.2349586
23 91.601456 73.469025
24 41.5059 72.762054
25 32.77871 2.014206
26 41.723797 65.433655
27 57.958263 71.47354
28 9.603088 67.76443
29 92.4609 75.610596
30 49.56459 66.969696
31 45.51364 55.437157
32 22.870592 65.9751
33 89.58647 63.76806
34 16.121078 78.78015
35 99.99307 56.657745
36 51.11305 56.508087
37 16.463486 80.37054
38 19.69303 36.106766
39 10.167942 30.612242
40 86.67355 61.12575
41 92.95645 96.33792
42 19.537418 18.912508
43 38.49337 66.63452
44 9.315098 6.029564
45 78.18421 5.75243
46 64.75342 20.469547
47 98.91524 42.586945
48 11.318661 97.6637
49 26.87033 7.102169
50 59.065563 47.635845
51 58.633373 27.670544
52 5.223324 34.69576
53 9.375404 10.846569
54 12.717964 59.33058
55 19.057722 44.086308
56 7.924156 33.611694
57 93.95958 26.978312
58 67.749695 28.565775
59 37.945175 34.89749
60 95.2889 45.566345
61 96.20337 85.56946
62 64.727905 59.216854
63 28.887419 92.979355
64 99.70444 2.2102127
65 16.683525 49.84658
66 4.0483246 54.705124
67 1.039257 78.0034
68 97.48794 57.667946
69 32.748615 36.491478
70 71.13161 18.396828
71 75.35281 14.999626
72 57.538197 47.75811
73 87.20478 43.73254
74 77.19205 14.9148445
75 5.640808 89.37001
76 4.9162827 12.637344
77 88.02159 81.28398
78 7.382324 25.983732
79 65.95383 66.34964
80 44.641212 88.240524
81 90.37146 80.168045
82 3.2122383 33.657272
83 95.48981 88.864044
84 64.74118 51.873734
85 8.687473 83.247375
86 82.8338 92.32658
87 73.47556 35.23531
88 55.05377 89.176285
89 85.17152 84.712296
90 99.42486 26.719704
