1000
1 36.367023 14.476002
2 29.74427 68.08696
3 3.2865372 52.073746
4 60.820282 26.29429
5 48.40977 16.318283
6 67.519325 68.77017
7 77.26359 95.462845
8 55.141018 16.922203
9 51.589096 54.583973
10 84.456345 88.54568
11 51.75422 23.414133
12 6.393532 71.62169
13 77.28706 64.846855
14 49.71513 91.45691
15 83.27959 65.882385
16 56.21527 81.357346
17 92.340675 22.166658
18 30.008152 23.01486
19 67.749855 64.35565
20 82.03381 77.37306
21 35.793915 66.380844
22 59.131668 53.066742
23 90.42522 60.81109
24 46.68594 81.036064
25 96.65283 94.64441
26 81.40929 16.220055
27 88.66373 23.669622
28 8.905132 2.4907608
29 28.315723 71.69115
30 23.559359 98.06476
31 45.614414 33.449547
32 84.27422 91.63562
33 52.32654 58.11463
34 38.434906 82.10531
35 84.95308 53.39464
36 49.370346 60.631317
37 97.70741 20.442265
38 64.89405 10.841301
39 71.65318 41.23373
40 71.69748 65.93204
41 71.751175 87.57485
42 17.27166 5.779297
43 52.272614 8.341236
44 61.91631 29.13509
45 31.950115 10.187912
46 2.9120178 38.006966
47 60.622536 75.20463
48 13.364307 7.436512
49 54.48751 15.292595
50 3.9495354 77.23911
51 35.745335 60.92054
52 43.33872 76.06077
53 69.76505 11.421837
54 37.721184 72.734795
55 67.81461 32.14647
56 67.78255 10.680717
57 48.12067 79.990845
58 34.807922 68.32857
59 39.465412 41.22171
60 27.71078 81.429924
61 40.39326 88.82993
62 52.031807 15.609238
63 23.165382 51.447594
64 9.058247 56.986717
65 10.624691 66.00569
66 37.306408 96.878235
67 40.124146 97.34389
68 28.406702 64.80121
69 55.78442 57.615204
70 91.16713 24.469786
71 39.880253 23.346102
72 23.932304 55.510433
73 14.497494 75.092255
74 32.12127 6.422989
75 51.919018 3.4205132
76 94.243355 82.91565
77 80.75087 81.54388
78 30.725426 78.51788
79 3.2598228 79.18081
80 85.97487 63.267704
81 17.236542 43.673866
82 61.587955 1.7021904
83 97.66846 6.794094
84 79.28421 76.422905
85 72.59606 86.342834
86 14.711353 30.857964
87 41.221767 59.113274
88 25.693323 32.61261
89 70.12456 43.368393
90 28.850796 72.23142
91 63.735367 40.205063
92 14.872253 15.822197
93 11.885651 97.52252
94 6.552513 58.470165
95 94.58493 91.96852
96 94.90669 65.83452
97 90.104675 45.875023
98 7.589596 73.63767
99 81.56958 68.241394
100 1.1203423 36.47909
101 88.87311 29.7091
102 86.362015 75.65793
103 24.645506 67.73607
104 24.052786 82.72934
105 70.86634 38.53993
106 41.26379 53.7655
107 65.05548 12.6642
108 39.65797 64.40723
109 85.67286 46.720295
110 37.638466 70.39437
111 11.090805 77.46782
112 9.538357 82.25082
113 32.48005 54.405434
114 61.41238 79.46794
115 16.209118 99.89224
116 38.72073 76.141754
117 62.964016 93.469086
118 86.08017 94.43362
119 68.151855 55.098103
120 82.656624 80.49847
121 6.6328087 47.51805
122 59.55784 31.911875
123 65.2952 64.86504
124 61.599022 34.36738
125 64.853645 24.681372
126 71.11066 51.06185
127 44.884632 48.244446
128 56.77533 31.766802
129 99.59997 32.49872
130 91.30474 87.67077
131 83.00694 51.16979
132 52.556118 43.258823
133 62.28716 2.9551277
134 83.65044 55.473137
135 7.9182167 36.97912
136 76.96297 61.916275
137 15.327938 11.145237
138 1.8068581 94.23664
139 13.843681 83.10539
140 25.071962 95.3286
141 25.426706 22.856224
142 72.094635 2.6093903
143 93.63189 71.57032
144 4.957348 92.94473
145 42.507793 17.503437
146 40.860905 7.5399246
147 45.411777 9.180084
148 46.1184 83.578415
149 47.608196 37.472275
150 2.742756 18.11596
151 11.474297 15.300266
152 26.993639 34.36892
153 99.89365 33.275734
154 84.09784 41.660126
155 20.701183 39.033592
156 99.46871 30.466686
157 73.3264 45.837902
158 3.8144913 59.72916
159 81.92187 41.967445
160 35.27397 8.883755
161 36.923367 87.72485
162 36.554745 62.24703
163 45.521763 74.65907
164 23.048695 66.27878
165 24.789446 67.866
166 67.086334 37.413822
167 47.43178 61.646133
168 51.61877 91.37894
169 20.003149 74.42187
170 16.714191 22.532822
171 60.46456 9.376045
172 33.923233 80.63655
173 57.108055 60.113026
174 84.27217 68.25709
175 29.213636 58.41268
176 99.54204 83.38547
177 58.391994 57.62288
178 88.108376 64.38225
179 57.439873 9.348957
180 63.20852 7.063141
181 88.501434 88.563965
182 60.036263 10.495483
183 63.891685 27.615833
184 82.514465 14.385326
185 78.22685 55.602997
186 5.752533 23.157564
187 33.109016 76.4785
188 44.844856 48.312763
189 43.624706 79.4655
190 97.74043 24.37916
191 39.029842 36.206844
192 77.3123 5.5545807
193 28.10184 5.083435
194 5.685261 18.290108
195 58.974297 39.84892
196 42.480705 11.010464
197 88.06079 94.731
198 88.05519 37.840973
199 41.96642 90.945816
200 10.45882 42.093452
201 19.084196 55.366043
202 4.326744 26.12186
203 48.040974 81.80243
204 99.69437 7.6222267
205 31.664804 99.26671
206 43.756413 99.73809
207 88.42395 76.3928
208 64.86143 53.681232
209 71.3714 68.18076
210 46.19919 16.828934
211 61.69114 6.7916374
212 59.858055 8.069855
213 62.25263 13.754826
214 1.0880318 22.055143
215 10.094673 24.209227
216 85.359985 62.702183
217 69.04535 44.477985
218 80.25846 60.70629
219 56.477024 62.48853
220 22.74323 83.84169
221 11.628571 1.4427528
222 24.054657 7.4522552
223 76.86134 87.905396
224 22.78452 88.56891
225 37.37555 81.184906
226 75.4834 45.727432
227 66.35746 33.426422
228 85.64302 76.2702
229 72.3525 93.88025
230 82.15904 48.005363
231 25.420588 65.1976
232 81.05817 42.03285
233 63.56745 9.56916
234 28.197123 83.064095
235 43.965572 29.314579
236 27.22204 88.71566
237 31.777594 23.178024
238 93.89603 76.720764
239 81.75112 1.9159813
240 83.60427 68.16426
241 59.76641 35.569527
242 24.567944 43.36409
243 44.975647 37.206406
244 73.14097 26.598135
245 14.450478 95.03282
246 14.384506 7.844208
247 12.077686 7.694828
248 92.36683 79.82094
249 95.22992 55.374966
250 44.97832 78.40174
251 64.93824 87.30407
252 94.61811 92.16186
253 14.57431 63.06044
254 5.8882637 43.247395
255 93.513504 60.439392
256 46.522335 82.77756
257 9.149479 51.053215
258 55.257507 52.749508
259 79.297485 68.1885
260 88.80058 49.73793
261 4.2417603 82.87262
262 11.628197 49.6085
263 91.30209 79.722855
264 25.198824 23.532953
265 98.815636 52.450344
266 6.614109 16.444115
267 61.167793 37.11131
268 81.794174 24.627104
269 93.50877 32.167137
270 70.110504 86.651596
271 24.94643 57.331326
272 35.51517 11.32349
273 76.37882 91.06125
274 98.15542 16.646984
275 86.92424 97.53254
276 91.74134 59.78375
277 79.8771 93.735214
278 55.769485 71.38266
279 4.091072 53.41374
280 28.23707 22.080622
281 95.831116 37.73049
282 54.232883 71.17016
283 47.15006 33.500328
284 27.718855 75.874664
285 90.91881 73.47799
286 42.13313 33.589916
287 53.125904 93.28218
288 43.69669 11.747299
289 48.197506 75.80349
290 88.81974 21.851503
291 87.80864 16.079994
292 56.42593 5.2609444
293 2.2709312 44.17806
294 51.848938 10.074055
295 82.17852 90.74545
296 86.83895 24.77244
297 42.939564 98.50218
298 41.109818 74.19994
299 25.474009 18.809456
300 77.776955 22.935472
301 79.00473 1.0654869
302 17.236622 68.98372
303 43.42753 92.48956
304 37.13196 78.90421
305 85.049164 83.45832
306 73.74744 87.94322
307 86.74553 93.43817
308 24.613209 28.183302
309 39.42405 24.46841
310 49.449738 69.64311
311 9.461426 55.857952
312 46.07955 94.223915
313 1.7707367 39.665485
314 63.890125 42.23611
315 97.864914 12.124397
316 4.9139442 75.749954
317 99.65514 84.699036
318 88.21229 7.5610847
319 53.26839 96.77998
320 67.64304 39.228256
321 53.722916 11.9765625
322 91.532196 19.178877
323 99.53881 91.171265
324 33.70048 46.687923
325 46.4755 82.788605
326 37.128227 84.674644
327 86.92522 8.357811
328 79.31399 4.5834007
329 2.7579422 88.286224
330 97.80838 97.205215
331 81.031006 66.80958
332 19.404593 62.612316
333 79.002846 61.0408
334 39.71199 68.782585
335 11.769539 71.43876
336 44.288174 82.04305
337 23.64807 13.782021
338 12.7447815 74.70912
339 7.6776886 93.30276
340 62.6727 99.30022
341 32.516785 71.00974
342 51.524845 77.10978
343 12.621799 8.607662
344 34.441536 14.893856
345 49.480232 18.798828
346 60.279976 30.262772
347 92.361824 82.41979
348 69.694336 87.37781
349 12.066017 10.543011
350 78.01716 83.78943
351 22.493277 69.54368
352 59.396603 41.440212
353 72.66478 82.98212
354 30.612452 10.795322
355 1.9462624 90.418076
356 54.186596 41.23214
357 26.970793 72.44203
358 24.493402 37.560112
359 79.39444 58.9003
360 80.88527 8.800388
361 92.597694 7.6419067
362 41.696835 25.701914
363 34.276207 99.763756
364 53.22152 74.512024
365 43.985626 52.59403
366 35.48154 56.203148
367 7.778652 13.798813
368 18.829123 95.51631
369 56.67598 45.717285
370 4.932266 7.07283
371 36.061565 88.59895
372 15.522392 86.042404
373 75.82536 79.92976
374 86.79797 5.5249214
375 58.547794 90.531296
376 85.79407 65.62392
377 67.16984 72.1251
378 79.628105 48.349697
379 93.03075 38.731144
380 50.856403 52.53099
381 68.24744 84.80972
382 47.526367 92.33086
383 68.45237 20.469385
384 54.206078 56.823494
385 61.440025 65.16298
386 20.096466 1.7674141
387 27.596027 43.19784
388 51.637993 36.447014
389 66.500244 12.85228
390 57.598053 66.69432
391 48.33925 18.486824
392 22.431637 95.01699
393 62.294525 2.8277054
394 1.7845726 65.734184
395 92.52768 49.71404
396 40.707733 44.100727
397 29.453377 32.666466
398 1.9373589 80.75098
399 66.11524 2.0216408
400 87.09039 30.534761
401 46.294155 56.590656
402 7.35503 3.808834
403 31.33004 64.202965
404 55.173412 37.057808
405 50.56773 50.014683
406 43.44905 80.23339
407 99.30426 74.59879
408 67.82373 75.453186
409 9.608517 91.42345
410 93.93272 28.488262
411 91.6366 3.9042892
412 12.314774 84.2455
413 59.551258 13.771843
414 32.18782 61.242832
415 68.61591 2.816578
416 78.23391 1.1886559
417 64.70068 45.710392
418 38.390083 71.66395
419 63.048897 78.16978
420 87.810616 20.992361
421 32.42543 3.6382484
422 26.85277 99.3293
423 18.193905 96.22496
424 98.71458 37.34542
425 42.32842 64.574005
426 21.749943 43.274086
427 62.048897 58.708603
428 68.486305 49.56024
429 13.128723 59.413933
430 71.04762 98.605835
431 58.574226 44.972046
432 52.086597 75.44243
433 84.06807 81.06109
434 64.18317 85.216545
435 61.161785 63.905506
436 72.185776 8.313328
437 76.46288 30.87102
438 59.81649 57.968277
439 56.87558 20.426283
440 21.251987 78.28154
441 55.042152 17.354733
442 60.526398 79.790794
443 78.18074 63.45364
444 56.776405 24.239304
445 16.653282 80.33129
446 1.0132523 89.40985
447 79.12368 46.744823
448 91.53276 55.723618
449 1.6783905 18.377934
450 98.094666 31.688055
451 66.00808 83.5385
452 71.911385 12.48597
453 96.97659 27.023903
454 52.27597 13.2266655
455 62.42073 65.91608
456 45.12674 35.982048
457 2.6876945 48.766895
458 82.53722 75.02477
459 59.47511 37.487686
460 99.268814 85.331345
461 8.496647 61.75486
462 38.70159 15.809841
463 60.299065 47.83968
464 66.93199 18.793318
465 37.961876 79.578606
466 74.6143 53.45441
467 88.198975 79.662476
468 83.46069 94.698975
469 38.503586 33.48973
470 52.45959 38.371536
471 63.653873 94.79273
472 12.158928 14.467583
473 72.2069 82.69588
474 1.3662872 91.14296
475 16.470306 9.850487
476 89.22551 46.58084
477 4.473877 91.568794
478 99.47301 58.229805
479 36.26397 15.988678
480 94.950226 94.82539
481 75.91891 35.573925
482 69.82682 53.56208
483 53.79467 27.74832
484 64.738686 67.83392
485 61.69694 45.065056
486 32.16839 62.097336
487 10.360722 68.41214
488 59.142868 78.81651
489 89.716866 51.836823
490 55.468086 17.529709
491 15.203365 23.454111
492 4.345131 66.02764
493 22.291739 30.06246
494 71.88124 37.37598
495 76.06465 33.22478
496 17.13079 55.444916
497 77.50931 38.498653
498 13.721481 88.267975
499 42.049713 93.34419
500 49.169987 37.183575
501 85.279434 94.58644
502 75.871155 98.0788
503 28.952585 73.08353
504 27.625423 73.450775
505 19.10914 93.94238
506 32.027496 36.13686
507 81.139015 5.0249176
508 89.16368 25.906841
509 24.619513 41.095116
510 86.861565 33.439655
511 19.52731 57.32013
512 46.166183 7.767624
513 45.957497 6.4416733
514 22.029877 44.334736
515 57.531155 86.343666
516 77.81398 4.3537445
517 29.882753 71.276535
518 7.7832375 9.088821
519 31.408144 15.654163
520 19.271387 27.10612
521 78.32858 58.258102
522 36.75521 66.12171
523 96.64867 81.19271
524 22.425367 52.31653
525 98.047516 48.361935
526 78.732346 66.91201
527 12.100609 55.983448
528 26.542864 62.046684
529 70.73714 12.749821
530 46.001728 58.560463
531 70.73587 15.105419
532 14.397034 3.6879158
533 28.213844 30.178297
534 31.869448 41.182167
535 65.86789 32.82014
536 90.25098 33.204514
537 82.58244 95.337524
538 57.442562 22.820108
539 42.102863 57.502716
540 93.64354 29.365808
541 73.8242 35.82645
542 76.70179 14.050705
543 23.770447 23.720816
544 23.01427 36.24446
545 37.04574 79.45562
546 13.735355 99.706894
547 72.430084 27.944748
548 90.020645 30.290062
549 37.237362 13.7399025
550 43.580875 66.86923
551 85.87278 17.34676
552 2.2307205 1.352829
553 35.114876 8.020195
554 63.493668 97.6054
555 62.82999 61.099228
556 79.75663 37.996803
557 76.202286 39.114853
558 93.916824 88.9675
559 76.62186 70.80588
560 79.72501 96.36694
561 75.236404 86.07909
562 86.26105 17.185276
563 1.3213005 58.88468
564 72.032 88.612625
565 96.25635 78.94943
566 84.030075 79.071335
567 71.16933 21.329824
568 45.74381 31.319096
569 84.62282 43.75721
570 97.22439 62.860413
571 16.817959 53.64115
572 22.786152 18.400978
573 75.632576 93.34856
574 1.1336327 91.6262
575 76.20632 19.872726
576 1.452446 98.5962
577 6.176979 98.59358
578 46.18636 99.4468
579 62.913055 52.97988
580 11.081501 4.400711
581 40.356598 85.058075
582 82.3178 74.770874
583 72.15535 36.824703
584 92.19989 7.817196
585 26.103338 79.37643
586 54.96887 45.371185
587 30.915985 65.437744
588 90.416664 42.78317
589 44.993652 65.80322
590 41.628998 91.80031
591 44.523914 75.77992
592 41.236137 6.8637276
593 29.422714 87.791595
594 65.46894 95.31287
595 58.390907 17.484493
596 32.213665 29.624523
597 19.586271 52.944683
598 23.76488 15.06015
599 68.84515 27.140606
600 86.74928 92.21142
601 15.1223755 20.139307
602 33.844986 97.49958
603 57.678642 85.38945
604 91.765 54.424816
605 17.192017 73.34607
606 65.968765 87.03029
607 8.486172 21.196527
608 28.373463 88.84209
609 61.1565 24.93972
610 48.830738 77.52449
611 56.66893 86.77251
612 4.118805 47.407825
613 98.82915 57.6515
614 1.0373421 71.394485
615 82.037964 95.377106
616 58.72448 34.81476
617 40.240005 92.12965
618 99.9344 55.621998
619 82.76222 40.517883
620 57.47524 4.6344604
621 35.45351 41.046814
622 27.38689 1.3636055
623 48.622017 59.34635
624 88.87915 51.643787
625 23.923254 48.481487
626 40.934746 74.32192
627 99.45059 36.066658
628 76.56621 51.51302
629 82.19793 48.01539
630 23.574356 32.688152
631 10.869118 60.074593
632 12.994198 81.219955
633 47.236805 12.13187
634 50.250214 38.6506
635 82.39278 47.745968
636 3.37389 40.04527
637 89.04413 51.94941
638 7.167019 25.877314
639 48.00433 81.878204
640 52.34347 46.680836
641 63.631065 63.423584
642 31.245836 80.0904
643 74.340576 34.327435
644 33.927094 88.987946
645 25.894527 85.30644
646 51.235657 32.421894
647 43.189873 84.4384
648 29.173977 59.38921
649 12.32568 34.040207
650 30.576178 26.693739
651 33.608345 15.257435
652 3.0666656 15.882858
653 58.0833 16.121494
654 30.030573 77.7386
655 77.97996 61.548084
656 77.07251 55.85079
657 21.650167 21.845707
658 72.83307 29.58397
659 17.73146 17.455315
660 50.631847 26.686481
661 29.21127 8.396069
662 28.316587 96.99916
663 75.6416 16.82
664 49.436028 57.7435
665 9.739555 20.300037
666 45.46003 9.137123
667 86.93129 63.06514
668 93.83844 19.715101
669 16.635574 86.65059
670 98.862045 79.27694
671 62.132088 79.17183
672 27.916454 28.160254
673 8.878277 15.574341
674 31.957342 77.93347
675 11.881905 38.430656
676 13.511452 36.87061
677 67.06509 64.039894
678 29.048859 23.460888
679 30.329252 86.12671
680 15.5025215 53.43845
681 3.5120125 93.84411
682 69.3253 72.5265
683 32.62922 4.752945
684 43.50159 80.951
685 18.012451 76.32383
686 92.875595 93.566666
687 55.80851 67.92558
688 94.212616 26.10143
689 65.9951 69.88251
690 59.281353 22.291645
691 26.622698 34.763855
692 23.857376 39.58896
693 59.257984 37.074604
694 54.97139 42.318268
695 17.63795 15.043724
696 4.814476 54.421402
697 46.698383 31.212494
698 71.75498 15.592594
699 28.263422 75.97887
700 89.40512 96.457016
701 72.48717 34.653015
702 26.847496 84.702286
703 98.39217 45.148396
704 7.245434 97.85101
705 9.091122 66.875015
706 51.031933 76.99907
707 30.342978 85.83269
708 11.316006 11.002407
709 66.78153 40.09895
710 18.657043 45.479767
711 57.497513 49.40634
712 10.596298 41.021908
713 93.090576 66.135895
714 8.624653 42.967068
715 17.660675 92.719154
716 19.544987 7.751671
717 68.25849 89.767746
718 6.3559456 36.136814
719 16.131699 95.43167
720 6.113144 32.077896
721 21.782913 6.0770874
722 15.118595 56.260803
723 15.294243 81.29987
724 79.88907 4.5124817
725 84.34282 24.720987
726 78.98136 86.08382
727 23.84 89.506546
728 89.828186 82.84748
729 71.08811 13.047836
730 10.604893 19.696308
731 6.287178 77.33962
732 76.28021 62.915333
733 55.424953 8.4422035
734 6.139839 29.769789
735 2.792385 52.946133
736 67.090454 97.86546
737 96.1846 6.4511833
738 18.002583 24.556498
739 52.567295 44.97399
740 76.515816 61.346764
741 32.24179 32.736122
742 64.73895 42.52112
743 16.816189 33.70652
744 66.693474 58.423862
745 9.041779 68.47554
746 12.493023 45.83289
747 56.28097 38.949055
748 58.826538 20.229057
749 49.111412 92.32251
750 44.017384 93.065285
751 45.610397 41.60684
752 86.37123 84.79295
753 85.049995 55.306484
754 11.144604 48.64748
755 46.743526 16.365421
756 86.918335 1.4138184
757 51.23189 93.1049
758 31.28972 42.81951
759 31.727879 86.434906
760 81.76082 53.77907
761 14.776836 40.26681
762 9.111767 1.7544479
763 79.82489 36.302986
764 87.62062 91.99036
765 81.48891 29.792543
766 65.12222 86.42731
767 25.145315 13.449078
768 62.060944 31.185198
769 68.823906 95.286964
770 20.63284 79.45485
771 39.40534 36.330956
772 18.07436 84.28015
773 71.2167 72.795006
774 39.993824 76.469574
775 15.248749 57.254395
776 21.263668 32.794617
777 65.22576 81.33354
778 45.11424 20.152353
779 93.01551 94.138245
780 12.808289 99.86575
781 85.56453 23.104689
782 29.091825 35.635086
783 92.54132 14.472927
784 40.696175 6.802307
785 58.586193 93.30473
786 79.97162 64.555275
787 89.482445 17.474033
788 26.886528 97.194626
789 76.441635 68.06936
790 31.70635 30.099947
791 81.27716 58.240543
792 29.272951 50.64924
793 71.42086 86.023315
794 4.9394417 95.05234
795 23.908518 25.586086
796 34.553646 73.9363
797 68.10573 41.788776
798 62.874733 11.185925
799 42.402054 85.9792
800 76.53383 21.505936
801 95.89911 57.55463
802 15.50618 29.415926
803 87.78705 26.669767
804 35.59027 41.058575
805 14.602257 3.12035
806 12.914848 48.30613
807 37.374287 68.227325
808 92.23349 52.662636
809 65.53887 91.56005
810 49.223263 72.010254
811 38.23321 36.96158
812 71.125656 57.935944
813 16.354885 67.431526
814 2.351921 74.25781
815 98.23305 21.189028
816 26.74226 65.97333
817 88.24359 53.724106
818 32.327522 7.504238
819 14.378971 6.032837
820 8.1339 89.86403
821 33.92148 27.090528
822 88.25326 59.17535
823 44.992496 83.17421
824 70.44144 16.706726
825 88.2505 54.41409
826 56.16117 81.70357
827 68.06899 49.914783
828 77.550804 80.938805
829 45.40493 40.527897
830 6.6558647 75.16359
831 98.31119 47.515507
832 18.78582 34.67215
833 63.510082 9.565788
834 33.501858 64.46503
835 7.959549 23.171059
836 42.9947 72.30648
837 69.82476 2.6940193
838 49.832077 69.99548
839 42.57856 83.918945
840 26.506975 64.06914
841 86.71495 38.14279
842 93.04605 11.797348
843 99.1949 37.18847
844 2.720539 67.50585
845 80.45605 89.66298
846 46.30977 32.000095
847 43.484165 94.447556
848 41.39487 88.63522
849 61.985287 40.687622
850 65.15297 88.17972
851 38.70739 61.68801
852 13.978577 92.43828
853 18.557451 27.783669
854 13.360798 2.8493233
855 63.42455 76.13652
856 95.5065 98.529175
857 76.17445 70.871895
858 56.756416 61.3809
859 10.815052 46.03118
860 66.79671 23.310366
861 15.297455 96.87116
862 46.54031 40.759975
863 75.083206 19.600649
864 55.30529 49.46599
865 14.86087 45.92917
866 55.253963 92.50047
867 69.51638 72.80545
868 75.85612 12.7161255
869 10.430801 19.97502
870 47.975105 27.893526
871 9.684967 87.27087
872 95.32332 70.78557
873 71.60858 69.64534
874 51.86157 6.9751854
875 53.673607 8.209141
876 59.878063 20.475367
877 91.14241 92.31772
878 61.394447 81.22558
879 68.396645 63.888466
880 86.45837 31.755781
881 40.04689 4.50309
882 96.431 48.074436
883 24.031967 12.592335
884 62.857105 17.478634
885 82.537315 45.913002
886 95.75584 21.477512
887 15.369068 98.04786
888 33.496696 64.998
889 98.721756 14.863945
890 79.66789 4.7604218
891 77.14077 90.17055
892 9.103935 6.806469
893 43.84962 59.87969
894 63.307068 76.698524
895 94.0124 60.244953
896 94.4683 63.615044
897 43.746414 34.17373
898 22.633083 73.715
899 24.950098 1.837719
900 55.319458 79.89944
901 5.262989 96.597565
902 3.5375938 47.312683
903 69.48406 31.333523
904 12.882324 74.775986
905 2.3614426 69.09569
906 42.928417 8.229614
907 71.71097 37.7866
908 6.1101036 6.0842133
909 51.446365 38.15858
910 57.91798 1.1592712
911 46.641907 5.0205727
912 75.46108 67.363976
913 2.881565 59.549282
914 85.79814 16.450024
915 25.672121 40.760212
916 66.25423 36.389168
917 26.804983 47.474968
918 66.66185 9.565979
919 55.6539 22.224573
920 22.756868 41.867535
921 71.45919 92.04344
922 93.00949 31.114332
923 22.977251 76.84249
924 24.62789 63.110416
925 77.29379 33.41638
926 43.840183 13.343685
927 54.142902 72.83722
928 70.57701 44.616817
929 99.63065 31.559471
930 16.876823 47.02066
931 8.195324 26.721025
932 59.069496 43.558933
933 39.039223 18.992876
934 4.61887 43.546574
935 46.370605 71.82657
936 51.653717 65.35101
937 37.161217 96.55589
938 10.565384 23.967365
939 19.927097 82.026245
940 12.022564 19.073198
941 24.744951 50.85767
942 39.623123 47.704277
943 67.65682 20.017208
944 71.792984 3.179428
945 38.348713 9.97102
946 75.26409 86.44194
947 25.477106 82.46156
948 27.208473 8.532398
949 50.096947 44.91719
950 35.100372 83.7571
951 7.4854355 74.65296
952 12.245903 83.01874
953 96.69206 75.03771
954 99.11331 90.23097
955 42.765827 54.738983
956 10.72163 83.42226
957 34.291405 11.118477
958 46.07647 82.85265
959 91.581024 45.045525
960 56.624573 72.28129
961 36.09577 25.874983
962 49.67868 40.62603
963 14.455074 86.062546
964 15.632835 37.716404
965 89.89478 3.4239311
966 67.314804 27.164696
967 74.23527 69.08793
968 41.440758 45.956356
969 93.688416 83.8139
970 21.880016 54.73603
971 83.77168 84.07678
972 9.220787 42.703045
973 61.735626 3.5392609
974 81.28427 62.48125
975 61.530506 7.1519814
976 89.61774 95.320435
977 70.656746 41.48638
978 67.259186 34.142662
979 14.651573 88.74698
980 59.80552 25.501297
981 96.961266 59.816345
982 81.930565 74.55364
983 30.179956 83.26907
984 54.96941 25.301355
985 7.1170006 14.7193985
986 75.078125 63.536552
987 54.10171 87.19838
988 90.63007 68.07176
989 91.96754 16.41755
990 62.2353 93.23935
991 71.282936 53.340374
992 71.92638 20.524424
993 40.76597 41.695137
994 27.486893 94.85919
995 18.887194 61.680676
996 13.845459 67.601524
997 73.61363 68.84187
998 32.08204 42.091244
999 74.14069 98.9015
1000 42.782814 49.351418
