30
1 98.36417 52.559727
2 21.687765 32.98535
3 67.96034 6.141571
4 7.834408 76.274765
5 10.444748 91.351974
6 30.817347 56.98032
7 96.69485 34.019623
8 27.025257 95.95763
9 75.69107 99.581856
10 53.801567 32.210026
11 50.701492 41.072456
12 97.51566 21.5857
13 8.881035 49.30647
14 44.476967 90.608444
15 77.38767 88.02092
16 59.355446 66.94101
17 92.5497 3.8167
18 83.07051 17.848812
19 41.03501 12.810543
20 10.555889 20.14344
21 90.52464 74.70888
22 38.39653 26.967274
23 69.89214 78.171524
24 74.21565 78.08445
25 37.45354 21.199566
26 63.442066 56.156456
27 61.911594 76.710335
28 63.144577 41.06009
29 83.6297 15.105881
30 49.3862 34.705124
