300
1 52.744553 27.00024
2 13.39558 82.65758
3 32.965454 16.68966
4 93.490875 36.213287
5 48.13299 50.17417
6 60.59548 96.30061
7 30.933273 1.928421
8 93.25859 81.44036
9 71.37662 62.563343
10 19.350733 80.232346
11 28.652985 19.569614
12 40.73543 48.314064
13 6.6840286 28.0853
14 94.57051 85.29985
15 83.73181 54.151123
16 86.96451 23.810246
17 52.564148 99.9227
18 4.748825 20.052395
19 91.51973 17.99585
20 87.36688 21.408995
21 75.01315 6.9739494
22 11.252991 94.51514
23 59.549393 69.74428
24 52.500057 96.91583
25 31.93824 98.94637
26 44.451633 40.42982
27 14.770454 95.80287
28 1.7938118 12.107613
29 34.205338 63.465538
30 51.491116 49.100414
31 97.38889 96.88396
32 62.02182 82.46976
33 15.509396 60.857296
34 59.269123 4.0979385
35 24.359192 45.150497
36 56.850597 59.84335
37 86.46119 13.47739
38 33.91686 35.508408
39 80.59177 15.307152
40 21.306856 16.33266
41 11.527142 52.336403
42 43.586258 13.115337
43 15.818974 97.28958
44 94.797066 3.054844
45 47.038723 86.97995
46 33.741524 53.665592
47 85.18201 45.369774
48 30.869762 89.535416
49 41.20836 13.421833
50 68.94499 39.183617
51 66.2744 30.074152
52 27.269335 32.30735
53 83.23527 23.244259
54 70.98273 99.77244
55 88.10284 75.48164
56 75.78529 7.166527
57 88.05636 40.30135
58 80.4296 41.54532
59 70.316185 18.48014
60 18.922033 21.50241
61 47.272625 96.68639
62 21.02724 4.8872604
63 84.038025 95.76245
64 86.22695 39.20743
65 37.876244 86.85193
66 33.19229 67.17748
67 32.90994 50.56865
68 14.623653 95.77544
69 44.997337 23.007557
70 43.28303 4.8891144
71 38.917175 77.35227
72 76.40479 34.54514
73 84.431946 15.901005
74 6.8419113 1.798851
75 95.889725 45.99226
76 66.46034 36.916885
77 37.208332 41.40883
78 90.39731 98.59897
79 49.369328 1.1454124
80 65.42918 62.557747
81 23.030376 79.0703
82 47.860706 84.999695
83 68.98185 11.716217
84 94.69978 29.433048
85 51.09841 2.2696228
86 71.10887 60.34604
87 29.351667 86.54733
88 20.099606 73.45209
89 11.773453 26.334967
90 21.981321 23.327845
91 10.199997 31.442776
92 55.694927 35.7419
93 92.28461 80.4072
94 17.316296 22.34058
95 25.069105 49.679783
96 60.83351 7.503948
97 45.1684 83.33689
98 65.95656 76.37681
99 35.502308 65.05451
100 64.15127 19.790869
101 59.703106 44.46776
102 45.625614 47.673206
103 36.79891 19.391827
104 24.12795 92.872986
105 75.15143 66.70143
106 48.2546 82.62477
107 72.095245 87.33123
108 19.04985 32.214745
109 23.463638 63.674896
110 78.47442 76.532684
111 5.0093575 86.12265
112 20.880234 63.90252
113 68.867004 33.82534
114 37.1513 97.90905
115 82.34325 31.267067
116 51.452297 87.39198
117 10.907757 74.12645
118 65.87476 11.451309
119 76.1333 5.010662
120 87.934654 68.79827
121 63.973892 40.389496
122 27.010847 12.213078
123 96.30362 5.339802
124 20.124975 91.1472
125 65.973526 65.81088
126 73.99235 95.27452
127 29.766577 49.09962
128 6.3069305 37.351437
129 11.623444 85.915085
130 37.93399 99.30439
131 59.374268 54.5503
132 50.69885 29.284218
133 85.21192 99.19949
134 17.593838 82.350586
135 41.65082 71.56672
136 16.614323 95.92549
137 5.5898247 37.54176
138 40.82496 99.54088
139 62.433773 58.338894
140 73.28615 29.08997
141 87.71732 75.30225
142 40.237404 96.12639
143 73.656 93.21598
144 22.694145 90.77301
145 6.979206 46.67038
146 19.34995 70.38416
147 77.3368 81.27614
148 44.663162 40.226654
149 47.63287 94.215256
150 35.845867 40.826942
151 78.78886 84.9828
152 50.955116 52.139233
153 38.15842 33.118828
154 23.884212 42.35205
155 29.6994 80.22369
156 65.41575 44.649193
157 7.077858 54.447334
158 28.476835 95.17113
159 50.33039 34.15487
160 65.400505 98.42059
161 87.416336 8.600777
162 95.78612 29.234558
163 7.299385 32.215336
164 84.22608 65.06002
165 52.525497 26.8949
166 79.62078 27.04758
167 86.16438 22.202223
168 33.399063 90.3343
169 48.84633 2.6645393
170 66.661705 78.80377
171 19.34488 88.09439
172 34.473534 82.761734
173 17.839191 97.60705
174 77.122116 89.06174
175 38.005913 2.0283623
176 4.1487503 36.53401
177 31.372904 92.78113
178 98.088554 27.53253
179 29.424828 58.28236
180 25.255644 42.372475
181 30.102528 91.76765
182 72.33021 78.03021
183 17.708603 97.27281
184 2.445961 26.602037
185 38.752655 43.433365
186 89.23926 1.8727036
187 18.191456 61.455845
188 53.31711 52.760895
189 77.456825 74.63659
190 11.506008 91.04851
191 39.717045 27.636147
192 62.811302 87.06882
193 6.2180824 62.403564
194 63.798584 38.09278
195 32.966225 86.40587
196 76.68666 97.98241
197 77.65288 72.984535
198 14.297329 2.0499382
199 65.78607 25.79622
200 84.53485 8.318443
201 19.92433 86.43834
202 76.61813 3.298046
203 26.148214 92.888214
204 41.927315 73.98929
205 8.325527 60.327374
206 70.3656 61.636726
207 78.703354 80.71848
208 75.767555 16.784382
209 96.55589 48.685406
210 50.73053 86.5708
211 47.575157 59.391068
212 76.65121 41.7798
213 89.00215 45.621586
214 47.400265 28.182
215 52.187218 60.15728
216 40.007523 37.7856
217 34.336895 69.69449
218 92.42659 26.961832
219 41.031143 70.841324
220 69.46347 48.310757
221 49.033215 2.5555534
222 61.083138 66.998116
223 51.223286 9.603439
224 38.087395 75.61372
225 55.116936 97.01129
226 94.71346 72.60537
227 94.67746 21.119772
228 72.127914 22.23813
229 11.986771 72.34584
230 81.16598 84.71842
231 27.133482 47.134438
232 57.337757 70.35826
233 64.03094 96.93608
234 99.67699 86.2585
235 39.787167 1.9919357
236 61.98883 64.27778
237 56.733402 41.4544
238 60.749924 12.5547905
239 73.26934 37.190517
240 66.93525 21.428185
241 59.67472 57.231953
242 90.472946 93.3555
243 78.95909 22.46957
244 29.005697 14.754295
245 31.14389 12.076744
246 2.7721252 72.083626
247 47.960545 14.057724
248 68.10739 29.072807
249 28.46649 60.30436
250 26.104027 64.85515
251 49.81123 26.113182
252 93.53899 8.864815
253 84.791664 89.0452
254 59.502228 33.666214
255 97.10173 91.77687
256 18.411613 23.493996
257 84.307465 42.399437
258 49.330357 73.568306
259 38.198143 4.936737
260 13.983696 62.181835
261 5.068432 85.137924
262 92.705 15.455452
263 23.268736 12.97435
264 28.668236 85.574875
265 75.68277 28.748331
266 8.441841 37.3891
267 93.71471 72.1931
268 13.820507 87.02893
269 55.149185 40.41949
270 73.89016 76.96003
271 67.88048 97.95972
272 77.94549 60.444283
273 27.61363 82.17186
274 48.84061 84.34072
275 80.8494 80.40642
276 48.3726 29.316994
277 76.430664 7.490387
278 42.87009 58.64955
279 10.450054 55.990097
280 97.801414 85.10028
281 81.2742 85.99951
282 71.53863 33.864
283 74.49452 60.185547
284 42.633972 31.23281
285 8.374512 70.92249
286 4.305504 74.03215
287 31.228834 98.80506
288 40.27689 73.5993
289 12.615879 90.49108
290 26.589209 95.18879
291 32.905243 82.611664
292 96.841064 33.753258
293 7.5368195 82.37281
294 91.36237 72.332954
295 76.296 21.103683
296 79.97121 53.250725
297 47.57058 41.2315
298 95.81353 47.023994
299 69.12327 69.14068
300 36.073208 51.526775
