40
1 22.701391 78.14807
2 52.641148 58.00686
3 82.755356 30.449055
4 95.957054 56.646187
5 70.08377 96.20633
6 74.22688 49.699734
7 44.828827 90.60628
8 18.754194 97.28951
9 19.298416 53.504826
10 15.467636 92.696655
11 56.508316 52.87391
12 6.1912766 14.676689
13 82.998795 24.115973
14 34.385536 41.971012
15 67.338425 33.911324
16 8.586956 41.113255
17 29.879713 86.170685
18 34.699883 98.58386
19 12.003597 20.355446
20 81.54405 38.93091
21 33.743298 30.420351
22 16.442608 45.50503
23 31.341629 24.518866
24 97.852165 17.171246
25 76.22095 77.140816
26 30.67633 48.420555
27 80.276855 29.746176
28 31.76335 25.95213
29 16.007545 86.30303
30 4.2992363 24.047789
31 58.57344 64.48623
32 26.03671 74.66235
33 81.0864 44.36729
34 93.39476 13.35841
35 90.51059 55.507275
36 78.97593 95.51868
37 38.290657 60.80739
38 18.951195 9.974228
39 43.8344 47.83015
40 66.22707 1.221695
