400
1 35.210423 49.667645
2 16.646812 4.413307
3 23.868187 26.35423
4 72.97812 46.42291
5 16.271893 40.812614
6 48.17381 18.948935
7 22.177803 35.108025
8 38.600098 59.401215
9 56.89769 27.205137
10 43.5813 82.82918
11 29.411215 60.310806
12 24.910116 98.01485
13 6.9579544 96.12706
14 96.614655 40.617714
15 35.319847 64.16317
16 4.2255974 89.32103
17 90.332855 57.331062
18 49.70537 8.477997
19 75.436844 68.11302
20 30.418282 33.166176
21 59.097755 83.56656
22 48.41356 51.778923
23 94.48569 59.70485
24 87.97473 81.53903
25 94.92494 95.29824
26 89.55099 24.776838
27 68.917816 9.932911
28 91.29585 47.169876
29 64.002846 50.03791
30 52.45982 84.409294
31 45.341774 30.991423
32 52.7465 78.47152
33 60.034676 58.32686
34 88.40733 48.70283
35 77.55844 14.790752
36 82.06908 17.5933
37 71.607956 50.084637
38 92.31375 40.972527
39 76.17259 10.066708
40 80.17956 15.64518
41 79.88483 5.9913483
42 48.857628 35.45098
43 42.127766 71.58789
44 73.4059 32.577667
45 17.775753 56.37794
46 34.287006 77.52056
47 86.58842 35.171917
48 96.95836 46.57819
49 48.92126 28.471836
50 75.281044 79.87274
51 27.5491 29.455894
52 75.89884 88.40428
53 93.289024 7.607849
54 50.661873 85.15445
55 35.95723 12.727169
56 97.76938 2.9981346
57 84.53552 13.807457
58 90.99288 49.566
59 8.245869 55.05305
60 96.87082 24.167225
61 15.882137 77.335846
62 40.72206 35.926884
63 28.750824 47.526413
64 13.397488 59.853554
65 48.408203 24.96329
66 11.4308815 54.475445
67 46.021904 21.127941
68 21.588673 22.241682
69 79.456085 20.648895
70 50.117393 10.178139
71 68.825226 40.61393
72 93.64252 3.5997467
73 87.23256 40.168823
74 93.4996 58.308495
75 48.71622 11.586716
76 68.90042 77.49219
77 94.8503 87.663666
78 93.74196 14.526279
79 77.292564 24.201527
80 27.846794 65.78304
81 51.955685 94.91142
82 55.96701 80.53612
83 84.71047 75.22303
84 80.30883 56.868114
85 47.456936 34.611725
86 3.6220245 12.777969
87 69.58568 33.714912
88 11.431133 45.075855
89 1.4052238 79.81574
90 1.4521446 45.650837
91 43.06105 72.48752
92 65.18412 74.871124
93 56.469177 7.178627
94 32.402687 5.8691254
95 49.019234 33.368027
96 11.35725 40.150604
97 78.74499 18.609467
98 30.24831 98.964806
99 75.28491 12.579502
100 77.33916 88.51997
101 90.152855 5.6743813
102 23.595747 97.59946
103 84.51955 17.989716
104 17.655895 78.166435
105 11.608231 3.6683884
106 8.994568 51.15731
107 88.437416 97.82958
108 77.50302 45.717663
109 3.6598434 87.19185
110 84.84608 64.71991
111 23.037191 63.219982
112 28.370739 98.3111
113 13.223682 32.695805
114 9.2843895 35.345795
115 3.2539787 62.987823
116 49.86363 45.60773
117 53.663692 83.52466
118 60.69238 97.26584
119 89.84585 97.19368
120 34.911926 15.903183
121 84.56346 33.587524
122 79.77391 63.253006
123 61.490726 42.328842
124 53.189026 96.16719
125 60.52668 4.284706
126 39.07522 69.55634
127 6.6561203 73.34094
128 45.806858 6.003334
129 57.326527 95.78664
130 9.728302 75.91072
131 81.71093 95.73205
132 1.2835426 86.405365
133 44.50997 55.472942
134 49.269077 55.704952
135 92.197525 43.48893
136 62.60326 95.45999
137 77.38857 95.24989
138 39.915405 61.131313
139 28.087498 46.415974
140 84.48251 47.440865
141 3.0639915 5.435848
142 29.232485 96.502815
143 5.8921814 79.268936
144 92.64017 78.56198
145 33.190296 15.334206
146 87.60726 64.2946
147 2.9066353 45.733803
148 62.449654 52.948017
149 99.2451 41.851624
150 94.65775 15.045208
151 1.0860977 35.479523
152 32.27334 20.563368
153 82.18976 6.659565
154 59.407448 85.74605
155 38.744217 77.16001
156 79.19168 42.157043
157 43.159847 77.25518
158 87.16507 23.351282
159 60.122467 67.267654
160 35.79538 63.57037
161 34.149128 18.827578
162 79.35628 88.38004
163 83.02948 27.525934
164 17.433788 88.14273
165 14.350292 6.752838
166 79.80708 80.059235
167 50.96733 65.65269
168 58.636368 41.56157
169 88.28612 92.90123
170 88.3289 6.4898567
171 86.897415 80.152084
172 69.10901 53.390858
173 18.502552 19.474813
174 96.04182 60.904438
175 25.180773 12.101368
176 18.483871 69.02093
177 42.280098 17.065323
178 76.54091 41.544235
179 40.215385 44.88588
180 65.54896 51.54331
181 68.84709 77.2914
182 34.414955 71.076744
183 68.42129 39.845097
184 61.27357 10.191349
185 10.263802 48.952507
186 58.061665 47.423794
187 33.786034 35.171055
188 62.53714 37.71568
189 29.900345 73.66202
190 16.037495 14.76643
191 27.845562 3.9503517
192 39.088356 79.868034
193 74.992 93.19852
194 17.749126 84.68205
195 63.241177 80.24936
196 65.5572 71.89699
197 80.036575 64.78214
198 12.588573 99.15095
199 17.349625 69.821396
200 86.37871 8.10997
201 14.08934 39.75786
202 8.304939 79.187256
203 81.220024 75.17083
204 2.5296288 46.07109
205 98.40291 59.125477
206 75.093124 6.3036385
207 85.2238 92.76308
208 23.946735 65.27694
209 76.61124 44.403248
210 25.330643 26.874771
211 91.522484 75.08426
212 10.278492 53.32274
213 16.496487 90.41377
214 38.062584 61.87906
215 52.83991 95.91134
216 81.10926 32.472466
217 13.688114 54.011482
218 71.97877 40.991554
219 10.330902 91.83336
220 24.138552 80.775986
221 92.55677 11.079243
222 38.79375 23.390055
223 30.693565 6.7319107
224 74.69361 94.179955
225 76.14984 99.40833
226 61.601196 46.10436
227 50.870625 48.4768
228 31.9859 30.95703
229 97.145836 94.00002
230 22.837404 60.57329
231 47.2557 7.12936
232 62.22179 72.35664
233 66.54881 62.882427
234 55.473606 21.996271
235 94.18454 18.664005
236 50.986115 95.56358
237 9.473461 78.34892
238 30.810383 3.2454758
239 70.157715 8.000309
240 57.960575 14.180325
241 96.85871 4.759369
242 91.99142 33.510254
243 6.316078 59.06006
244 5.2030716 52.497967
245 6.043335 24.856565
246 79.08587 50.634438
247 56.80105 24.197575
248 34.848988 98.23293
249 65.07278 89.06035
250 21.32971 35.753395
251 2.8903046 2.1353683
252 69.99646 10.795746
253 38.047657 35.301872
254 28.331125 66.210724
255 53.47507 35.63286
256 57.362404 53.631687
257 12.353947 56.773735
258 67.09475 64.28553
259 87.38835 57.525845
260 14.338402 21.616371
261 15.789806 84.76375
262 66.32027 28.10889
263 73.45633 59.292545
264 55.962593 38.243404
265 49.615646 31.941929
266 98.83716 55.59675
267 4.6931076 74.23619
268 91.49897 93.78766
269 11.899292 37.083965
270 62.323254 98.68296
271 8.11972 8.97311
272 74.604515 84.266235
273 21.065304 71.916466
274 54.015186 88.21101
275 66.49674 47.119812
276 61.20777 38.5229
277 90.83412 79.50843
278 7.6744423 55.882526
279 56.20751 15.593906
280 92.293686 86.5381
281 7.364609 29.555069
282 13.253441 69.26126
283 63.478294 63.43346
284 78.47288 30.254324
285 90.793 25.303095
286 37.380577 61.677673
287 69.185875 81.89572
288 20.219168 72.95507
289 70.93976 53.335278
290 64.66662 48.973717
291 64.526634 54.850956
292 39.206093 35.307144
293 77.48351 61.078342
294 84.999756 15.98003
295 30.65901 59.990005
296 13.388275 18.128773
297 79.59491 92.95874
298 46.86288 42.368668
299 48.549442 58.74928
300 86.287674 71.33359
301 30.18687 14.332275
302 39.387665 80.270386
303 41.54885 67.26728
304 68.02922 26.801584
305 2.3963356 61.89762
306 85.76201 25.780443
307 25.991642 15.991993
308 53.95468 17.30138
309 62.334435 98.52402
310 38.266136 63.899166
311 13.89772 71.54212
312 30.257912 31.568007
313 49.691597 15.415432
314 64.63744 37.238594
315 54.172115 79.17105
316 34.880215 60.861317
317 26.524883 12.896648
318 48.798046 50.722595
319 94.25878 8.151436
320 7.295185 58.015766
321 49.15241 70.54885
322 49.771378 46.87386
323 35.7968 5.022129
324 4.5300217 12.421856
325 85.16587 61.472828
326 16.508461 74.522026
327 46.21114 22.641258
328 25.503418 40.901604
329 84.25169 23.145706
330 31.717459 17.431625
331 59.45999 34.523575
332 38.097694 33.167595
333 90.378555 55.498665
334 85.941986 12.150562
335 89.11758 25.85332
336 66.87609 29.524998
337 90.220695 42.57245
338 12.051182 95.11483
339 82.057045 75.33688
340 36.902992 72.827324
341 91.46997 47.612057
342 11.645821 22.698486
343 11.4280815 29.918598
344 41.198235 53.472023
345 16.972973 64.30117
346 68.59308 75.70621
347 44.05963 21.72066
348 76.58659 27.251377
349 50.170235 93.9129
350 55.3524 84.42515
351 32.330677 52.828472
352 27.355282 84.7127
353 21.085075 98.464386
354 91.11832 15.166088
355 66.84523 72.33809
356 72.195274 40.9039
357 4.7441864 15.597698
358 42.100998 24.122122
359 89.000626 98.95022
360 75.66883 89.99748
361 52.530922 45.49835
362 28.756424 8.768627
363 2.177723 62.030716
364 90.55022 16.208748
365 82.21698 69.16611
366 70.66985 46.981445
367 8.863621 65.23967
368 19.744778 36.853928
369 3.1989555 98.073715
370 14.4137 6.2308655
371 46.455894 63.155746
372 89.344696 8.651733
373 15.043373 77.19375
374 44.949085 67.83157
375 32.47877 80.91338
376 47.0062 69.731964
377 45.406685 85.243835
378 11.124142 25.702982
379 26.200592 85.543625
380 25.59984 51.478455
381 77.965294 54.02498
382 32.403183 60.429047
383 1.0824013 33.10191
384 50.85579 68.17974
385 83.20952 14.153149
386 32.17206 54.43597
387 17.062683 89.10446
388 77.69851 37.459053
389 45.679993 86.49757
390 22.49375 21.231907
391 96.58304 67.432846
392 70.098946 41.831856
393 4.537121 58.477154
394 91.86417 24.411953
395 50.88528 8.995117
396 54.443535 55.54898
397 67.647415 35.556458
398 13.374809 46.061386
399 62.148296 10.272228
400 84.2343 68.55325
