4000
1 68.25896 81.63183
2 38.77704 98.59607
3 66.34279 75.68428
4 10.762875 12.094841
5 11.152721 81.916954
6 46.221138 1.9572182
7 70.62224 96.63614
8 57.44535 87.16669
9 32.134064 28.861837
10 31.010973 50.11129
11 74.17532 91.64514
12 32.72857 23.487177
13 72.15028 57.79832
14 38.33908 40.31867
15 49.592262 5.5233116
16 94.200836 8.074459
17 9.483349 42.831833
18 36.562637 6.1564026
19 20.500292 30.416656
20 37.1193 28.273685
21 69.11223 28.184315
22 65.24046 48.0446
23 45.46784 57.745846
24 77.219025 99.736404
25 34.417107 22.838589
26 91.39841 43.53132
27 80.66763 58.33752
28 19.268269 2.5994263
29 10.417133 9.298222
30 54.69069 94.75738
31 46.620255 28.377703
32 36.51748 72.34206
33 43.013382 71.90844
34 61.992683 72.36459
35 76.033295 63.4709
36 94.58239 3.5617714
37 29.554081 71.874405
38 31.226782 26.01802
39 86.54215 13.423119
40 8.142052 68.911644
41 55.44799 19.207516
42 15.6978 1.5663605
43 44.68805 53.910847
44 33.306755 90.88104
45 17.345871 48.02518
46 50.117596 30.074389
47 74.94165 56.135803
48 77.68406 89.916794
49 96.317856 3.444931
50 71.79419 50.02788
51 32.80394 87.019
52 12.708031 50.95068
53 67.34867 26.020802
54 3.1039848 46.19572
55 95.49205 47.94223
56 88.4281 43.52437
57 37.56709 59.885105
58 30.629238 55.718132
59 68.4026 35.658844
60 57.734665 53.611343
61 1.7601547 72.65335
62 64.32668 76.15244
63 56.244144 48.501476
64 93.60153 59.21343
65 95.543686 14.264736
66 79.72233 38.088352
67 92.81528 17.494404
68 63.182182 62.28842
69 87.37094 78.336006
70 33.09426 12.210533
71 24.69906 14.3912735
72 70.839645 41.752857
73 5.2919273 38.1022
74 31.753345 86.14905
75 80.84475 46.57973
76 57.2564 88.42938
77 75.032646 16.639065
78 87.1277 24.192577
79 42.39679 17.265808
80 62.835693 31.859003
81 54.367622 90.03305
82 33.84333 61.467293
83 49.528763 67.89069
84 83.75415 62.828667
85 79.440765 81.97475
86 67.84478 77.96395
87 2.1876373 51.92812
88 56.365425 9.056198
89 81.37326 38.62762
90 46.79493 10.991592
91 7.953312 63.965366
92 82.56529 74.66243
93 21.145313 73.0014
94 15.522015 40.74527
95 85.592255 42.291264
96 44.204323 60.3747
97 2.73732 99.29801
98 33.246834 45.82564
99 65.02138 25.934702
100 33.34938 3.1705856
101 11.395145 27.114166
102 9.49688 92.14804
103 46.96627 23.203402
104 80.13063 76.43177
105 82.14371 76.88313
106 87.89136 94.848885
107 21.312935 14.644775
108 91.312744 25.094494
109 56.072403 63.282143
110 42.12954 87.42848
111 54.20768 73.20898
112 22.344975 90.7395
113 94.364685 36.687332
114 61.256557 51.29713
115 11.539528 85.710526
116 21.015306 81.120056
117 61.103645 25.894281
118 45.627346 1.3996849
119 97.358376 42.52885
120 49.241245 16.542366
121 6.150894 19.097336
122 47.44429 8.564007
123 19.453127 95.02034
124 63.321045 72.62071
125 82.19209 90.533966
126 10.298954 84.769714
127 27.697388 82.029144
128 95.67453 80.54063
129 26.846743 33.645195
130 16.856415 99.76616
131 51.79814 56.393524
132 61.047478 80.609
133 5.444874 5.385128
134 6.22797 67.43676
135 52.074802 75.83205
136 48.920742 43.929314
137 40.56623 79.27867
138 72.168335 88.11359
139 83.15524 15.598568
140 84.057526 14.860535
141 50.27584 27.336506
142 71.984665 70.08289
143 69.74611 35.919003
144 33.66101 24.030266
145 50.099598 52.007587
146 17.401852 20.83337
147 62.48191 89.73508
148 23.980787 3.1222649
149 61.64469 54.623276
150 38.197342 30.716206
151 85.17914 71.6951
152 28.600983 51.341022
153 40.860634 81.84496
154 94.73122 58.57849
155 28.704844 52.227955
156 14.766552 28.491972
157 51.475857 44.579506
158 9.721298 32.8298
159 93.48486 19.07125
160 66.87848 57.35954
161 3.4482498 88.40225
162 2.7240028 93.97229
163 76.066246 72.381874
164 55.905922 51.330902
165 81.15337 21.43411
166 31.750723 79.90985
167 56.948086 29.675278
168 54.960823 12.083916
169 11.479607 41.61767
170 90.594795 73.26972
171 13.82309 30.936773
172 28.97112 50.524338
173 77.94915 32.7455
174 53.984695 76.880226
175 37.75623 27.261631
176 50.562817 92.53056
177 70.87608 88.27951
178 97.18208 57.189175
179 51.341076 92.97376
180 11.471539 94.92907
181 61.279915 79.04472
182 44.506638 81.376045
183 29.715576 63.558884
184 73.37707 88.96077
185 65.98387 73.23813
186 31.343721 26.321547
187 31.334267 82.196686
188 66.607895 35.612907
189 93.14235 84.2333
190 64.734375 41.427834
191 69.12916 47.653908
192 48.227165 65.996124
193 68.94857 23.727413
194 79.04786 28.953356
195 26.676737 60.83722
196 81.0141 84.59732
197 30.516756 54.92136
198 43.32966 24.098003
199 35.785316 17.71006
200 9.427124 62.401848
201 21.56042 94.74264
202 41.763412 98.22078
203 3.224945 81.40327
204 12.372299 6.3217316
205 26.317488 29.173042
206 12.727505 86.72829
207 81.63304 74.72673
208 58.747974 71.77516
209 68.28138 34.269524
210 92.26317 69.37401
211 49.937965 31.211952
212 34.973278 88.266495
213 61.60056 20.28609
214 41.693913 61.440937
215 23.511677 23.40778
216 55.48183 61.960747
217 61.1198 57.572945
218 15.312931 4.9598083
219 53.15905 57.38339
220 10.581482 46.27756
221 84.4227 3.6808815
222 95.85286 91.66695
223 17.40297 60.052734
224 82.64473 85.7156
225 46.61375 53.309486
226 39.941456 16.296509
227 93.50305 68.71747
228 26.26427 15.716995
229 63.42209 67.50415
230 48.16986 36.754112
231 16.034004 19.69883
232 95.631836 31.45428
233 37.931526 82.27628
234 27.884567 16.988228
235 71.1936 77.88997
236 64.162506 75.986496
237 66.97873 51.889717
238 56.831673 92.47936
239 51.437035 58.16572
240 13.957294 40.953
241 97.65384 40.97377
242 49.636032 57.36364
243 26.181559 30.574236
244 91.698715 89.99518
245 18.16853 7.184498
246 88.285095 56.899708
247 50.146492 51.956707
248 82.417274 38.80612
249 77.400764 3.7976036
250 27.707468 60.18259
251 65.8296 22.102493
252 93.03842 93.47546
253 61.798306 59.840107
254 89.551125 2.7631264
255 78.817986 81.58833
256 92.61514 98.25975
257 87.89995 41.26564
258 91.944336 74.37515
259 38.003086 34.997814
260 80.83811 83.36124
261 95.69339 78.86752
262 68.55455 75.887856
263 78.06065 82.96042
264 46.255974 67.4109
265 42.125824 37.725136
266 74.44955 11.513557
267 7.92614 14.8956375
268 72.49224 94.75129
269 31.855545 35.29409
270 40.33664 78.55267
271 58.50465 94.411415
272 6.5611534 33.488228
273 85.0044 2.4703217
274 6.7401466 79.13395
275 82.69071 25.47101
276 64.75943 72.55492
277 56.86292 25.038437
278 15.132446 86.71675
279 75.01615 72.229935
280 35.74608 4.05521
281 62.65395 34.961227
282 71.048805 34.270443
283 58.765278 12.283726
284 30.4044 35.013268
285 12.659321 15.700851
286 78.73213 50.292328
287 38.84567 96.84568
288 17.551277 76.10104
289 78.527115 82.75969
290 60.668884 14.959103
291 75.79765 36.60302
292 40.182022 32.85753
293 16.062847 13.648418
294 69.623184 43.517227
295 31.547613 40.968124
296 79.27435 28.828772
297 48.695908 28.064524
298 58.03139 34.72062
299 71.89256 27.618137
300 18.871283 4.5312767
301 32.741783 73.89338
302 3.6185913 5.517105
303 85.32264 2.8621712
304 68.70152 60.851547
305 68.618126 58.951286
306 24.66742 35.395046
307 50.08321 91.72145
308 76.07555 56.42002
309 65.71406 71.27748
310 45.337147 18.600948
311 84.72157 76.250725
312 38.080704 42.094006
313 87.38298 35.553253
314 31.550943 90.39688
315 26.391178 57.916523
316 78.61336 85.74951
317 94.87104 17.582535
318 9.26849 28.654299
319 26.514135 76.661026
320 72.99825 31.081913
321 71.206604 45.457325
322 28.086132 83.66243
323 87.47828 49.63655
324 17.079826 40.809414
325 63.607494 5.3522224
326 50.19358 80.8809
327 97.54859 27.703867
328 52.582478 52.45303
329 54.639782 17.249416
330 67.33326 22.713385
331 53.13431 96.59561
332 36.53551 11.235371
333 41.802914 5.20829
334 5.578903 61.797806
335 92.97123 57.469036
336 29.806633 7.047699
337 70.215935 19.258245
338 61.706944 37.374416
339 86.95448 55.46636
340 99.45474 19.509716
341 11.91201 10.741161
342 88.13793 47.570446
343 87.28885 72.79219
344 84.759026 88.965904
345 96.895164 88.40674
346 54.36513 94.17653
347 13.568527 61.04577
348 99.62951 90.12834
349 43.574387 33.64197
350 90.69278 18.942907
351 29.144361 97.22846
352 55.55313 59.205925
353 8.80537 68.56564
354 46.991367 28.533613
355 43.966187 33.613693
356 91.0511 56.73314
357 11.407757 37.751114
358 33.70977 75.149864
359 42.160805 95.93989
360 91.049774 75.260185
361 75.51099 75.42636
362 51.72292 13.862873
363 7.317169 74.28372
364 8.78022 12.107193
365 37.187424 96.53923
366 60.10096 28.638687
367 99.699776 86.325325
368 87.03782 94.45666
369 56.487114 47.02308
370 30.442732 95.189804
371 51.136395 26.64349
372 36.300293 94.6527
373 31.132597 52.20657
374 7.907692 72.14964
375 37.751587 30.091526
376 16.181038 5.5708847
377 60.15844 98.14343
378 36.01176 49.69061
379 53.325687 97.92058
380 54.971416 92.43352
381 5.211281 82.97244
382 5.212509 97.65161
383 44.99962 47.106678
384 27.037722 45.955177
385 61.535126 94.50815
386 74.95967 55.151237
387 65.97918 47.21789
388 74.06844 42.824223
389 48.69531 1.579155
390 88.1723 79.08566
391 86.926544 26.473566
392 35.232296 32.560215
393 92.05971 36.479527
394 81.21546 45.761475
395 85.644936 91.046455
396 32.03495 69.66263
397 26.376945 90.09867
398 81.44856 51.02972
399 12.540321 40.463253
400 25.378075 94.89105
401 11.573963 75.40014
402 4.5512695 18.713343
403 48.542072 20.955637
404 74.50911 94.42751
405 12.898819 38.65857
406 37.1286 1.6826935
407 53.33846 93.72341
408 28.843224 94.490654
409 52.92808 13.81942
410 10.49617 93.768265
411 21.419458 45.342255
412 96.446915 85.12435
413 83.16371 43.048985
414 44.524433 47.692543
415 17.58743 54.613773
416 7.1226807 66.55952
417 57.34929 50.557858
418 57.32887 56.83217
419 68.70307 3.7775307
420 71.06857 13.494122
421 1.3519478 24.246178
422 73.35875 75.88923
423 55.440243 69.31572
424 8.993778 57.822773
425 13.307266 22.66059
426 24.565393 78.81863
427 69.80554 13.575214
428 90.20709 23.207663
429 3.4640236 65.743065
430 6.8133926 64.02673
431 37.25753 41.48952
432 86.0553 75.17653
433 70.38552 77.079575
434 67.35043 90.198364
435 47.994892 16.584045
436 61.471497 17.964401
437 1.7559357 74.16518
438 1.6729622 68.1535
439 62.49324 65.48075
440 3.244873 15.423016
441 99.39105 25.676018
442 29.232576 24.93687
443 69.204605 17.705727
444 51.0972 17.532494
445 10.018486 56.514893
446 12.2724 79.821465
447 2.5021477 7.4748383
448 14.668053 42.60865
449 76.98103 45.88162
450 9.614967 98.40211
451 39.621468 27.508595
452 39.6467 29.6347
453 80.77905 15.837017
454 74.373436 57.730064
455 93.56824 75.425064
456 49.500515 26.711905
457 55.902107 18.468166
458 20.65911 15.105003
459 10.984177 84.390564
460 5.9450226 53.211452
461 31.177582 14.285206
462 43.984337 96.76659
463 41.63471 50.145344
464 90.505806 60.28819
465 34.519978 88.6365
466 55.939472 39.135506
467 43.943466 50.94117
468 69.21714 15.546173
469 45.003277 57.11424
470 71.238396 72.18218
471 17.116684 8.373116
472 69.67814 47.714153
473 78.14553 11.584663
474 11.581745 63.071342
475 94.334885 21.812347
476 77.526344 88.108154
477 67.39354 47.418793
478 32.18045 68.30809
479 3.0658417 63.70348
480 34.662067 75.69684
481 49.120476 56.980644
482 78.15616 63.91828
483 39.11099 78.28276
484 18.802206 8.551895
485 73.604996 80.45738
486 81.788246 46.07557
487 84.76004 28.22794
488 27.29389 13.373226
489 56.216827 52.279346
490 51.39092 59.088417
491 45.58769 95.55928
492 91.883514 41.05824
493 34.21572 17.805984
494 7.3409767 91.46185
495 47.45702 87.30223
496 99.115166 36.50348
497 1.7820663 43.77283
498 58.575455 34.15838
499 79.70315 59.21298
500 71.56384 31.84413
501 61.88731 46.013412
502 58.457134 97.00682
503 30.030703 19.789787
504 13.394047 73.84126
505 47.19843 75.44939
506 19.77743 35.21025
507 48.735527 4.4203453
508 6.3184624 99.27539
509 22.432598 53.26908
510 40.056725 19.161236
511 49.228554 26.64095
512 7.084923 41.63852
513 13.732159 2.581913
514 8.756847 9.640648
515 49.722206 15.515789
516 18.163055 88.34088
517 70.16339 11.216438
518 40.52537 51.104378
519 73.16917 51.09757
520 89.524055 76.40405
521 37.201103 86.73603
522 71.753204 71.50874
523 28.54874 82.67977
524 26.78387 3.9837456
525 77.873924 74.055374
526 32.149643 43.37851
527 40.225418 89.0923
528 13.088875 65.729416
529 98.31237 22.18607
530 37.92465 20.569157
531 47.72042 85.41317
532 63.10048 51.508556
533 64.49263 41.341362
534 6.6076164 49.655903
535 59.896645 80.272385
536 49.197235 66.767006
537 25.36881 26.62338
538 56.36179 12.191376
539 98.28998 18.878723
540 75.48568 7.2337112
541 68.34039 42.3955
542 63.185352 56.089466
543 20.349483 93.93263
544 90.963234 60.890556
545 5.82893 19.271133
546 22.112703 19.09996
547 11.91016 47.788185
548 78.42926 96.59062
549 75.42943 50.919884
550 87.719406 75.30084
551 39.859295 71.09872
552 20.303722 96.08371
553 97.84201 29.199007
554 88.883484 88.43238
555 26.161726 33.68458
556 18.03125 10.478905
557 72.94821 11.704613
558 29.124964 1.726757
559 64.669815 31.101149
560 98.15544 29.11471
561 15.136269 10.56918
562 39.75149 92.6319
563 99.36412 81.02185
564 60.315495 90.92666
565 89.95423 95.86517
566 10.296196 91.162445
567 99.526764 40.575344
568 11.614281 28.784163
569 73.814926 86.70793
570 62.637947 8.473267
571 88.264465 73.19635
572 26.518332 87.750885
573 55.029243 89.30684
574 22.74577 47.9741
575 1.361412 38.580433
576 49.997864 27.974295
577 29.961483 23.07349
578 34.883694 59.50206
579 1.029602 45.058178
580 78.578156 15.947453
581 26.401148 39.604683
582 13.689877 20.992422
583 40.052074 66.80121
584 14.138142 91.67642
585 3.4270287 6.9603004
586 87.6494 27.408947
587 77.673706 69.3329
588 61.173607 39.383827
589 87.382774 9.935818
590 83.0119 96.40485
591 13.003429 81.69722
592 7.9850883 87.66128
593 34.74444 47.90951
594 8.748283 7.994644
595 38.5853 34.468475
596 11.402565 20.569576
597 26.581524 94.21281
598 36.58939 43.995148
599 96.533005 9.903519
600 21.667517 73.30081
601 31.831041 96.07185
602 30.930065 58.284588
603 91.41063 49.53185
604 73.499985 50.241238
605 57.26748 27.321835
606 64.04051 69.344864
607 47.25054 33.062355
608 59.712936 66.23293
609 50.88624 51.28607
610 44.976234 24.992477
611 55.58764 86.20565
612 3.4716682 30.591816
613 15.831066 17.899014
614 83.783295 61.991074
615 69.87289 34.72178
616 41.08911 44.821667
617 63.89035 50.766006
618 17.735088 80.06593
619 46.165684 37.276894
620 4.555603 76.62658
621 86.05682 40.619713
622 17.30653 15.405277
623 50.479042 52.65408
624 70.12546 2.9024315
625 24.877687 58.755856
626 92.959076 65.44366
627 71.67395 12.057499
628 82.94503 85.93035
629 3.9683075 50.82608
630 45.61763 17.299675
631 9.487377 28.146868
632 57.08638 2.530243
633 34.286377 72.15166
634 28.21496 39.081238
635 60.47004 96.63408
636 81.32477 36.824875
637 93.61977 75.73178
638 52.419872 90.97943
639 59.9822 52.59596
640 21.771788 68.78985
641 94.93146 50.920757
642 65.85464 37.860813
643 19.184137 61.02287
644 62.095463 3.6930656
645 63.347046 75.96497
646 50.066395 62.46498
647 37.661163 73.81477
648 73.15146 74.4142
649 34.54636 51.083965
650 63.72786 3.4785347
651 87.67351 58.84155
652 29.375181 31.750343
653 7.1294594 30.019989
654 18.629173 15.269184
655 42.518986 86.99077
656 24.462742 14.426739
657 47.959198 20.748882
658 90.98949 43.273556
659 59.018276 60.972794
660 36.366257 94.6488
661 20.46849 17.92588
662 92.531136 56.033073
663 73.88731 47.65781
664 70.45195 92.28161
665 99.04454 64.13166
666 35.4811 61.463127
667 66.41575 5.526474
668 66.067345 63.71401
669 84.72212 63.50579
670 28.297396 60.952293
671 70.420044 80.72422
672 14.652065 33.474457
673 64.66571 65.94738
674 17.277699 64.04762
675 46.0018 63.52777
676 52.158833 62.028496
677 41.175537 60.567482
678 28.529804 74.93452
679 89.08247 75.63913
680 11.2704735 90.43784
681 77.227264 53.14679
682 40.64573 9.61335
683 5.848728 81.6752
684 98.932076 39.712982
685 91.53226 98.2583
686 55.70029 52.30059
687 21.224571 21.98218
688 39.593086 16.037537
689 32.82278 32.36554
690 10.313026 91.228546
691 98.10489 60.623383
692 35.101887 63.365124
693 27.655195 6.536438
694 53.305145 21.052464
695 71.22972 26.875917
696 70.14742 45.794815
697 34.380867 41.099483
698 90.056786 53.63338
699 32.9243 33.527603
700 47.79126 12.511047
701 98.88695 57.99904
702 96.115036 88.20254
703 71.03307 95.69176
704 48.559486 72.76566
705 89.46684 95.86728
706 2.8276405 69.06002
707 97.9917 33.40717
708 89.58751 80.07502
709 37.501335 11.870953
710 18.730309 60.6071
711 44.59677 10.017532
712 36.00992 78.98768
713 3.4599304 3.8765984
714 53.783012 27.095888
715 50.877934 7.1900826
716 53.676697 4.770424
717 72.82892 94.13481
718 51.99977 44.135994
719 16.504528 51.80226
720 70.6377 76.84067
721 36.44956 29.126135
722 48.792675 60.202778
723 59.149464 32.183647
724 98.97604 86.28314
725 53.5717 58.79814
726 18.295227 62.97956
727 39.224346 54.7031
728 56.64193 13.22612
729 11.565399 1.729065
730 31.200403 36.579502
731 55.833427 42.851086
732 47.990402 71.385796
733 84.071304 25.140907
734 2.166996 4.7852325
735 6.2134323 21.584253
736 63.71939 26.054874
737 99.92557 92.66263
738 47.0658 53.48735
739 10.749855 47.055885
740 62.66141 51.612675
741 76.22005 47.6194
742 33.172226 21.353226
743 35.495865 39.33696
744 85.96636 75.32907
745 75.9938 67.70244
746 52.22871 77.857864
747 74.52634 76.17128
748 62.378563 98.87764
749 21.798147 83.39558
750 3.2903557 28.486576
751 22.73157 68.14979
752 1.9728928 11.150135
753 11.775791 34.48378
754 50.137077 59.18286
755 23.521154 43.891663
756 63.845623 65.20087
757 32.29263 94.93825
758 93.968155 68.416275
759 98.90949 27.260666
760 21.123074 19.30894
761 74.82115 21.146439
762 74.13489 5.7740326
763 21.628256 82.39131
764 37.166656 52.870968
765 36.419327 76.88785
766 31.011337 5.2871094
767 40.50383 21.415222
768 13.538425 17.371449
769 37.76581 24.228685
770 76.00581 11.388523
771 60.08201 23.251709
772 84.05534 26.487558
773 74.533615 56.347202
774 6.1178474 51.529858
775 43.23012 39.380436
776 26.806929 66.507095
777 30.013649 9.694107
778 19.171827 50.59741
779 94.93211 80.48689
780 38.95917 23.283741
781 84.92172 70.75995
782 44.21928 17.51395
783 21.567774 66.53262
784 83.99973 94.59503
785 77.5269 5.3218384
786 82.34378 61.587788
787 30.22428 47.661602
788 48.508217 95.45682
789 6.0644264 11.357246
790 9.326504 50.49652
791 89.451385 74.49165
792 27.584093 35.207886
793 15.040657 20.89588
794 28.045149 7.4396095
795 84.50069 20.803465
796 42.114952 39.919094
797 74.92031 86.47925
798 1.1938019 2.1861
799 66.71646 37.26535
800 52.33254 80.841675
801 32.37021 43.786648
802 7.2614746 17.152634
803 70.45398 21.97152
804 42.66307 16.9999
805 62.7975 81.48435
806 80.761024 31.223928
807 40.16385 9.628761
808 94.93632 51.673054
809 71.201584 19.215555
810 99.65679 23.98642
811 2.95829 41.46111
812 94.87132 74.55997
813 56.978336 77.55632
814 61.623905 91.69954
815 56.87368 44.513596
816 96.62947 33.66239
817 33.94857 44.769497
818 52.2077 24.411913
819 17.595734 47.117855
820 37.03424 5.40781
821 41.138454 27.277468
822 38.22014 67.61615
823 40.333435 43.93215
824 53.403637 45.65118
825 11.093273 32.43328
826 71.34656 5.8075867
827 42.515068 57.426697
828 15.001232 60.46099
829 3.7637062 9.2507515
830 6.015251 35.536026
831 43.042797 82.07206
832 44.019463 1.9524384
833 46.41297 70.28061
834 18.218464 27.81794
835 23.498848 42.220726
836 62.71739 83.717316
837 56.247414 21.569298
838 86.867004 15.350647
839 16.409168 89.55687
840 22.387987 44.15712
841 35.045456 21.240162
842 27.086931 89.250305
843 11.434757 57.4499
844 90.020966 7.751011
845 29.966436 42.707085
846 93.761826 53.293037
847 73.68525 19.085075
848 27.249678 85.98599
849 39.584827 44.42516
850 16.776543 58.809967
851 36.46312 78.614006
852 6.519596 3.459282
853 79.87382 48.862087
854 17.04049 42.159542
855 73.79 26.660803
856 53.420036 14.744854
857 75.71097 41.68885
858 51.315777 48.106953
859 49.832855 62.467236
860 1.8249245 34.197227
861 70.162315 9.141758
862 5.504467 91.088776
863 59.85975 50.171253
864 32.34321 20.101597
865 84.184555 37.281353
866 7.967407 8.75639
867 60.97705 37.689266
868 66.7442 56.295097
869 22.798517 61.552483
870 31.764357 24.286259
871 14.993202 87.95001
872 75.20687 34.735085
873 29.96676 80.08898
874 75.656845 87.82073
875 36.347725 10.430836
876 93.68089 76.63421
877 6.342613 89.94685
878 12.259403 59.417667
879 44.142673 50.816555
880 9.970615 72.72979
881 88.732285 21.193539
882 17.116444 81.71796
883 42.38492 98.68619
884 20.04039 49.029816
885 95.17726 63.358738
886 25.556702 76.5831
887 26.424295 84.36973
888 69.54762 99.47328
889 25.767193 46.17633
890 25.823517 54.901722
891 77.72637 39.11821
892 92.57313 1.9434814
893 95.76866 72.963776
894 48.42006 3.9518127
895 15.682587 28.16977
896 50.14592 78.448586
897 55.91044 25.481049
898 97.705734 96.41972
899 17.229939 33.20913
900 4.0063896 92.99089
901 7.0023956 65.10767
902 70.14801 97.160484
903 43.818283 51.84973
904 78.45787 97.163925
905 15.238644 41.722706
906 95.94085 44.726486
907 62.484184 31.46897
908 78.0892 93.62866
909 22.772774 35.20784
910 73.80743 25.984247
911 89.304565 66.62146
912 35.650482 88.65995
913 73.799164 71.4666
914 20.286545 28.87813
915 17.148827 55.384766
916 82.99478 60.10672
917 3.8644028 62.262524
918 16.136925 31.704632
919 16.223568 95.99869
920 54.487335 66.32126
921 61.666306 55.909225
922 28.086142 41.64656
923 18.668217 48.725506
924 9.112774 53.913
925 47.998104 97.993576
926 77.98578 34.884296
927 61.74978 72.16247
928 39.919598 16.483631
929 86.48595 69.703415
930 8.243553 87.32881
931 29.56695 27.704247
932 4.150509 41.67138
933 11.605473 61.892715
934 88.45896 5.571842
935 85.52514 17.01384
936 80.74858 6.647682
937 71.695175 70.28204
938 85.54463 67.17174
939 60.461124 19.928162
940 69.22185 9.696613
941 26.696539 31.671946
942 61.818623 90.18614
943 4.5429077 25.763168
944 74.30437 57.750713
945 69.04727 9.211594
946 49.426826 56.761566
947 13.717545 48.600315
948 86.10181 17.611553
949 41.6545 79.89768
950 28.077126 95.78516
951 21.189098 60.655758
952 82.60151 25.827272
953 37.54334 41.17351
954 75.24048 27.37698
955 70.451744 18.8301
956 35.768436 13.7430725
957 95.5682 39.226143
958 77.15752 49.41946
959 87.06012 78.693756
960 91.83345 20.380003
961 20.023157 48.0067
962 3.7848206 21.025097
963 90.92763 67.711105
964 39.8569 22.082987
965 27.852444 59.53965
966 11.004349 86.49867
967 99.77454 44.718143
968 77.44406 44.327343
969 46.95895 82.22226
970 92.07138 48.34816
971 85.494415 38.34045
972 99.85667 81.11123
973 71.67562 10.5937195
974 1.3887672 44.199955
975 40.215492 56.35471
976 27.256432 96.42857
977 34.85972 99.9559
978 32.752384 49.81937
979 14.650139 88.334305
980 83.20075 61.768177
981 56.338448 93.51071
982 13.206581 90.71619
983 66.90115 86.38901
984 72.76341 30.06041
985 15.542046 80.45259
986 61.779354 21.273018
987 73.392914 83.69364
988 42.091118 49.72792
989 97.96485 99.493454
990 1.0838585 53.228966
991 91.5845 10.02813
992 75.39764 65.012535
993 47.476162 33.753826
994 69.23755 63.523254
995 97.74692 31.160336
996 89.20172 49.9655
997 1.7741203 53.70452
998 79.033585 14.876904
999 80.34317 95.68698
1000 82.46573 3.2093582
1001 12.498119 36.098473
1002 74.16321 40.03215
1003 87.5948 83.17482
1004 76.65146 60.151783
1005 59.155663 96.33652
1006 84.681076 4.9932365
1007 80.33638 9.997795
1008 51.19284 89.949425
1009 12.933086 38.29431
1010 55.992188 43.343964
1011 36.864502 13.089813
1012 62.785362 12.42049
1013 7.201481 46.150986
1014 14.787247 13.939457
1015 47.11351 50.094658
1016 35.445736 6.7537956
1017 61.837074 83.821365
1018 7.6539536 43.474167
1019 91.76029 47.6497
1020 98.2838 3.7637177
1021 19.730146 66.49627
1022 34.51969 75.59251
1023 61.91296 1.748951
1024 47.159496 50.694
1025 27.956902 17.30616
1026 98.75661 98.925575
1027 86.59377 28.881685
1028 28.649931 90.504715
1029 32.591988 81.8233
1030 17.007133 90.136665
1031 83.8463 59.84467
1032 22.850882 1.6435814
1033 50.406223 12.610439
1034 34.142136 70.48403
1035 22.818943 39.03366
1036 13.896679 14.891914
1037 23.110392 98.52527
1038 1.7732315 15.081444
1039 30.15744 33.18351
1040 99.591255 46.034187
1041 77.3456 38.74821
1042 43.752773 44.780598
1043 14.375217 74.04367
1044 81.86934 42.584675
1045 74.77203 37.030724
1046 83.59274 57.08174
1047 15.35284 25.70227
1048 16.358704 26.358229
1049 16.206512 85.21231
1050 63.97233 82.1007
1051 20.486782 45.972042
1052 24.187532 96.52144
1053 64.279854 91.04705
1054 37.508987 65.77778
1055 45.51232 48.609776
1056 58.596176 1.8679314
1057 72.28216 51.197968
1058 37.487347 3.2803268
1059 90.65508 73.79486
1060 72.27519 25.553448
1061 34.114532 38.579105
1062 93.8593 96.796524
1063 23.8319 41.734604
1064 33.29971 46.025543
1065 9.759857 4.734165
1066 94.27602 5.800041
1067 19.127537 62.742943
1068 19.390835 18.959297
1069 36.582825 7.131119
1070 50.03939 1.1677475
1071 67.34175 70.96883
1072 2.1709137 17.905682
1073 57.192226 83.07437
1074 65.09294 84.96832
1075 14.7355 65.52308
1076 28.537743 65.78744
1077 69.593346 81.14905
1078 4.3650856 87.84053
1079 40.68743 94.45662
1080 98.90803 76.346054
1081 68.52435 34.91493
1082 95.06004 35.104717
1083 14.822582 32.63134
1084 67.06654 66.03401
1085 23.94814 11.200874
1086 64.44124 14.808468
1087 74.90716 5.0965767
1088 17.477074 58.15274
1089 36.527367 10.234631
1090 65.66098 79.377525
1091 40.052155 82.637405
1092 49.931828 38.625584
1093 11.649452 39.132214
1094 52.10547 16.601624
1095 73.99741 18.404945
1096 20.882133 56.429462
1097 35.741776 97.63286
1098 77.15197 6.743992
1099 4.092491 55.02483
1100 45.935535 66.49232
1101 89.37164 93.94167
1102 35.68766 38.374413
1103 82.977356 57.791832
1104 92.12424 33.761024
1105 21.688128 71.919
1106 77.10292 54.022545
1107 62.54609 93.26788
1108 27.37521 51.211956
1109 60.026646 68.515526
1110 28.995005 65.535736
1111 9.938385 70.26294
1112 89.45355 19.633919
1113 21.090261 73.75284
1114 8.099213 99.09842
1115 30.967852 94.179924
1116 59.06548 99.15863
1117 19.924519 1.499939
1118 29.946194 89.31575
1119 42.79454 81.94922
1120 86.94339 41.320625
1121 55.14883 19.617777
1122 74.0854 41.506905
1123 88.03064 9.290379
1124 15.528187 1.620285
1125 96.440186 73.56668
1126 3.5150719 58.474083
1127 25.289406 27.009066
1128 72.93281 78.319275
1129 84.12001 35.852367
1130 50.450245 75.95795
1131 67.92838 85.57387
1132 39.716667 60.99167
1133 19.642443 14.921726
1134 35.902996 58.591156
1135 40.445263 86.09749
1136 49.209812 96.24866
1137 89.717575 94.807335
1138 24.86728 27.44807
1139 11.669235 71.99807
1140 85.5427 3.7945747
1141 2.86454 60.928547
1142 75.119804 25.183754
1143 83.179306 2.895523
1144 23.456448 33.75607
1145 3.1553116 72.62125
1146 48.899204 32.662758
1147 21.12796 73.79907
1148 71.33585 17.364204
1149 92.13801 18.203697
1150 19.367054 72.13358
1151 73.98425 37.006756
1152 32.397453 79.46329
1153 68.748474 95.102036
1154 38.31429 73.04013
1155 2.4198837 73.42566
1156 79.21661 87.183716
1157 43.550575 73.34111
1158 46.231045 33.053566
1159 53.882195 21.368307
1160 54.745453 4.7795715
1161 49.874737 51.607098
1162 56.969196 8.40995
1163 74.16708 15.8233185
1164 54.005516 94.384155
1165 8.310524 12.578709
1166 86.74913 90.2347
1167 38.10627 31.275969
1168 73.17353 39.910988
1169 79.99378 81.51169
1170 75.12063 95.09122
1171 98.2948 38.21689
1172 13.589294 37.23652
1173 32.732212 99.909515
1174 49.344448 23.63764
1175 61.728638 39.744568
1176 14.784058 37.842457
1177 38.369392 97.66416
1178 91.422226 84.87515
1179 96.01596 80.22325
1180 23.62544 51.47195
1181 17.097397 12.772743
1182 65.47509 77.14964
1183 33.703735 95.920135
1184 29.461538 35.366497
1185 66.81907 65.280846
1186 74.34201 92.86124
1187 6.959873 39.47485
1188 10.022312 88.82938
1189 35.849506 23.19635
1190 66.05803 4.803982
1191 59.80312 86.456215
1192 22.299389 82.47708
1193 39.082336 66.534706
1194 55.745155 53.66631
1195 69.77339 51.901905
1196 41.21498 38.26076
1197 66.18831 92.1888
1198 21.578394 93.124466
1199 88.13009 73.82892
1200 6.3626404 94.78023
1201 71.50969 93.35247
1202 19.268812 72.53966
1203 55.770638 91.43109
1204 33.844093 68.85321
1205 35.546375 60.117855
1206 66.873535 64.88744
1207 30.00508 27.59108
1208 58.201244 59.939255
1209 39.869293 64.460945
1210 90.574234 43.703667
1211 60.72147 80.39268
1212 68.328705 29.413157
1213 24.720608 25.180525
1214 80.381134 34.45396
1215 50.733707 68.271255
1216 92.47673 77.392746
1217 34.074593 27.49303
1218 64.46967 10.525726
1219 14.678513 20.026287
1220 3.9177055 88.49632
1221 4.929531 1.1293755
1222 67.29953 50.777252
1223 97.003235 43.980938
1224 1.0038109 78.41521
1225 59.71649 21.227903
1226 66.59181 63.351475
1227 32.514893 52.89286
1228 17.462132 38.335514
1229 61.09086 16.55093
1230 38.06482 94.414764
1231 30.74189 6.9595413
1232 99.9608 55.262123
1233 64.62569 30.549894
1234 86.379616 4.130932
1235 83.92691 18.49926
1236 91.28142 43.359352
1237 38.578323 68.49589
1238 23.201746 56.539043
1239 91.932755 52.26659
1240 74.182434 46.937843
1241 35.47807 39.6409
1242 44.028698 31.680765
1243 18.092216 70.812515
1244 45.519993 79.984436
1245 89.01785 35.27262
1246 87.15922 25.376509
1247 48.632706 47.263874
1248 14.873592 43.032555
1249 95.676155 73.19104
1250 33.89711 92.36772
1251 61.232906 41.531937
1252 50.088806 37.5698
1253 60.801823 1.0367203
1254 58.94407 95.7979
1255 35.016533 9.264656
1256 26.929983 78.028
1257 27.94968 24.49836
1258 70.543365 85.556854
1259 5.32745 24.247503
1260 58.50034 68.12379
1261 88.74712 47.841858
1262 19.380949 42.699245
1263 46.679268 50.950344
1264 93.34154 65.329155
1265 75.228 14.728313
1266 54.8211 80.02745
1267 85.98352 55.18116
1268 67.57109 43.486645
1269 8.381672 4.207985
1270 99.30217 46.49059
1271 24.781532 34.11376
1272 3.1235237 32.941395
1273 38.541523 19.17481
1274 64.51883 74.67023
1275 87.41678 46.876633
1276 65.12546 21.474298
1277 39.018856 9.046608
1278 10.007843 84.015366
1279 7.3752403 28.78722
1280 40.652657 80.56208
1281 29.193487 51.23224
1282 52.109535 96.567825
1283 54.99902 32.35675
1284 49.991974 21.839521
1285 67.05895 12.230713
1286 72.72676 25.991236
1287 52.165287 38.986122
1288 36.50085 82.41719
1289 88.65181 94.404144
1290 27.552217 65.30933
1291 91.221115 94.46219
1292 9.743729 20.773233
1293 74.74823 58.250595
1294 56.577087 81.93541
1295 96.44887 50.56728
1296 34.834866 88.1118
1297 4.276413 99.58176
1298 4.305519 61.27395
1299 9.734299 67.77052
1300 68.339294 60.191917
1301 29.881107 5.6162605
1302 82.649994 34.415543
1303 37.521614 83.09358
1304 2.4498901 4.9296074
1305 5.1234016 28.421118
1306 97.906204 36.943195
1307 7.938221 47.51241
1308 93.59375 39.00702
1309 50.83635 53.49922
1310 63.277733 71.018394
1311 55.79504 73.893135
1312 83.2091 83.41117
1313 92.359116 42.35621
1314 76.79662 94.79639
1315 66.873024 96.40902
1316 89.75937 80.62393
1317 76.80905 67.01818
1318 66.64299 65.11789
1319 15.641327 33.210556
1320 28.174854 99.78573
1321 39.858353 77.56297
1322 17.182354 39.074318
1323 63.75335 92.78961
1324 87.33775 53.625256
1325 98.41606 72.97394
1326 90.4348 89.285995
1327 94.94876 39.744614
1328 57.45943 86.022
1329 16.877876 62.583008
1330 50.520546 40.31088
1331 55.47132 72.548416
1332 66.052315 56.972008
1333 51.495773 29.199362
1334 83.62981 60.10601
1335 39.403103 21.433685
1336 37.091118 66.36314
1337 37.764107 56.108208
1338 36.694607 66.375694
1339 21.908175 66.31847
1340 72.441154 89.41898
1341 92.358 65.02125
1342 58.419865 2.9102287
1343 17.78529 50.42241
1344 23.554205 22.890795
1345 98.61842 87.14694
1346 14.9254 86.7001
1347 48.888165 70.178604
1348 69.86403 12.770565
1349 76.30816 86.37685
1350 33.56959 67.59209
1351 50.302498 69.49518
1352 13.451241 50.44067
1353 11.927135 5.152195
1354 46.21298 71.94565
1355 10.943096 55.428143
1356 30.635277 67.735664
1357 17.536133 96.46332
1358 47.543285 17.311745
1359 41.85907 89.60322
1360 5.887352 23.64145
1361 41.400208 48.532715
1362 58.22218 68.35211
1363 97.468094 20.933603
1364 99.05908 34.298393
1365 18.067646 58.841606
1366 27.352081 5.1296234
1367 16.943192 26.868889
1368 48.663376 30.125467
1369 25.590857 23.20753
1370 62.50728 6.6428795
1371 57.41392 75.31836
1372 81.90603 28.51378
1373 30.995268 85.92346
1374 49.989246 96.85025
1375 81.65824 18.787266
1376 78.45921 7.3796196
1377 8.785088 80.46392
1378 49.527935 78.51825
1379 76.75271 14.236057
1380 85.11149 65.495766
1381 52.67838 52.66553
1382 25.050064 71.51431
1383 26.922565 50.777306
1384 64.35214 29.612864
1385 33.97278 51.227047
1386 3.1661263 34.364006
1387 33.53136 15.324577
1388 74.16774 6.345413
1389 15.620884 52.338947
1390 74.431404 64.64214
1391 82.39378 68.591484
1392 67.07152 94.450165
1393 12.173279 75.32148
1394 26.500273 93.41943
1395 90.34556 58.40194
1396 83.242584 26.305845
1397 87.5762 5.5421867
1398 79.32486 84.9928
1399 63.072334 5.352379
1400 17.702755 73.29352
1401 11.022049 62.630405
1402 47.00999 31.501272
1403 55.062466 92.00107
1404 51.823498 52.11305
1405 82.6678 6.9363213
1406 87.14931 33.399036
1407 40.32325 69.84209
1408 12.184879 70.59816
1409 2.274376 75.37632
1410 16.95821 48.654232
1411 79.292046 50.038437
1412 14.774689 92.869514
1413 87.062614 89.04315
1414 65.44996 10.627594
1415 26.4089 6.851757
1416 88.863846 66.7264
1417 90.69357 21.96985
1418 95.77223 88.840324
1419 13.556538 13.879738
1420 87.8224 40.905426
1421 83.3659 32.90056
1422 32.453896 81.05888
1423 45.12313 12.046421
1424 53.32122 11.112968
1425 99.30618 8.568813
1426 28.904678 57.1961
1427 67.05411 15.678234
1428 44.258453 90.27855
1429 5.37088 11.641476
1430 33.61194 50.312916
1431 50.72813 15.762009
1432 99.04008 91.645325
1433 79.542694 51.896763
1434 4.5967407 36.27531
1435 53.889397 8.273388
1436 60.046864 20.908577
1437 62.85838 66.382286
1438 72.37213 64.967186
1439 96.877914 55.5171
1440 38.240074 15.540104
1441 70.05552 80.21376
1442 55.492657 59.229618
1443 68.12907 82.27121
1444 88.95569 87.84019
1445 15.843868 27.789263
1446 87.989105 56.120697
1447 58.98681 94.14761
1448 75.842255 8.742008
1449 73.82579 35.847206
1450 89.92322 1.1344032
1451 85.69153 15.330723
1452 40.137947 46.230404
1453 72.37776 98.75038
1454 57.766994 33.950363
1455 10.841084 6.989628
1456 93.87502 81.27812
1457 55.61282 76.50728
1458 67.65608 40.112347
1459 22.312569 85.852844
1460 8.906506 44.96686
1461 91.93782 14.039448
1462 48.31414 23.734907
1463 10.471542 68.727005
1464 74.48105 80.27556
1465 37.71754 83.92851
1466 35.73618 27.365574
1467 68.44389 48.721134
1468 89.055984 7.2972336
1469 53.059765 24.925892
1470 3.3745193 42.00052
1471 65.317245 55.35923
1472 28.28773 71.60774
1473 10.296627 76.44259
1474 74.2064 78.7027
1475 37.876923 53.183094
1476 83.97394 44.18223
1477 44.24883 22.481897
1478 80.822815 22.013653
1479 56.288975 70.12597
1480 45.975655 41.921974
1481 10.935024 41.609573
1482 79.80307 81.36302
1483 43.3917 40.33693
1484 92.18712 69.61058
1485 85.37607 79.70764
1486 84.98848 18.07373
1487 10.775719 44.863403
1488 4.119812 76.99242
1489 96.45382 59.79147
1490 93.580536 66.36406
1491 73.200554 69.743065
1492 79.3961 91.52492
1493 99.28627 45.178555
1494 46.662598 66.22427
1495 54.67035 12.239151
1496 23.0923 39.698795
1497 81.11967 6.0619164
1498 46.1273 99.64531
1499 77.177055 78.5795
1500 99.7595 82.83252
1501 66.58406 50.00276
1502 10.396603 40.445953
1503 85.2049 32.288177
1504 89.37541 21.14131
1505 91.21548 99.9622
1506 35.302555 85.01828
1507 68.41429 72.84372
1508 38.72191 68.78675
1509 67.60403 20.608223
1510 46.790676 59.346443
1511 58.558277 47.654373
1512 60.03312 53.022846
1513 75.790245 52.724384
1514 57.73076 54.073765
1515 25.113335 29.384378
1516 93.8745 26.178473
1517 4.6542244 12.453831
1518 21.506264 41.793865
1519 3.1233635 88.159065
1520 7.7752533 93.15137
1521 83.05457 98.302795
1522 31.842958 63.30482
1523 34.521393 13.218105
1524 9.557266 89.0226
1525 32.698444 34.42047
1526 16.196442 87.719604
1527 91.81633 56.867493
1528 3.8660965 61.424263
1529 19.424273 28.714542
1530 59.72731 19.204235
1531 10.165012 95.29233
1532 63.818035 73.074394
1533 49.834167 22.196934
1534 92.98644 92.175064
1535 47.246857 76.2284
1536 20.541073 79.54096
1537 8.574829 29.941538
1538 7.26165 78.29775
1539 71.54395 29.126928
1540 94.71832 73.92624
1541 74.743904 16.568851
1542 98.8465 50.3684
1543 56.332134 94.27434
1544 26.322432 34.69566
1545 70.70954 35.07605
1546 54.932564 54.440544
1547 80.02124 40.72263
1548 78.75633 79.4025
1549 79.92374 82.5359
1550 38.858124 45.50459
1551 83.13925 69.95924
1552 61.60865 2.0456161
1553 79.03567 85.78189
1554 39.739986 85.57031
1555 36.46752 83.481544
1556 76.50772 79.51884
1557 96.40079 6.6027756
1558 84.10524 92.12215
1559 10.104626 22.774881
1560 13.734791 86.04106
1561 40.64679 72.3551
1562 18.525427 10.6757965
1563 3.7254105 4.4314766
1564 41.447674 95.579926
1565 90.99351 91.57251
1566 94.928894 8.843773
1567 18.207966 86.064865
1568 66.09762 65.82916
1569 22.398592 87.97043
1570 69.12531 31.126259
1571 16.028446 85.12398
1572 97.00079 96.0426
1573 62.548714 46.5578
1574 75.03659 19.137838
1575 26.251549 4.3847313
1576 45.391296 80.27586
1577 32.430992 44.000217
1578 68.10638 66.97104
1579 52.56347 20.401197
1580 30.806417 67.22343
1581 69.386444 43.561974
1582 41.50682 20.991251
1583 81.93616 52.110905
1584 97.85734 65.841354
1585 49.25142 42.86964
1586 37.191902 88.948
1587 18.220066 52.77044
1588 28.53449 97.6725
1589 93.993065 50.30737
1590 49.43975 33.836647
1591 40.46654 48.33541
1592 35.339394 13.822556
1593 17.504131 66.87063
1594 15.24881 60.45385
1595 4.5339775 3.8984756
1596 95.24118 50.831364
1597 12.101887 23.483253
1598 18.72721 38.474648
1599 8.038742 65.75965
1600 65.828354 72.94623
1601 33.349434 91.792244
1602 2.2835884 91.10106
1603 54.59158 55.104744
1604 28.418715 4.6945267
1605 54.69284 14.2670555
1606 64.95157 59.04894
1607 98.25879 9.983261
1608 67.87033 69.599304
1609 27.31235 80.50185
1610 93.75547 13.274345
1611 82.218185 43.92594
1612 26.073492 56.785175
1613 27.295773 90.99043
1614 97.12869 82.42071
1615 29.214567 88.381935
1616 62.116634 78.09909
1617 57.65097 81.07207
1618 75.4912 98.2931
1619 30.243835 68.15415
1620 53.823532 98.232086
1621 1.314228 67.24539
1622 16.849277 86.73277
1623 17.019363 89.415924
1624 15.512741 52.975384
1625 24.019745 55.23662
1626 1.1415482 81.3883
1627 53.024185 44.783314
1628 48.37796 83.57503
1629 83.44067 38.891155
1630 81.95892 56.646645
1631 49.166687 72.45238
1632 97.31468 76.90567
1633 21.167519 31.170692
1634 82.4413 21.628122
1635 95.91461 71.020096
1636 5.789219 48.771614
1637 34.177208 52.84305
1638 52.57956 76.25148
1639 36.719063 88.22175
1640 16.118977 29.06391
1641 71.54518 46.984283
1642 65.44278 16.321655
1643 52.534416 49.451416
1644 58.55771 24.522293
1645 72.781715 18.501726
1646 10.841354 75.7483
1647 47.159534 15.8597145
1648 36.71596 81.81628
1649 57.886276 43.930237
1650 98.331894 72.858025
1651 18.981983 7.2314644
1652 74.410385 86.6669
1653 89.11578 24.558687
1654 88.129196 37.5147
1655 98.29264 67.26158
1656 76.12387 20.878866
1657 84.0873 60.848305
1658 33.83983 2.1772385
1659 75.708725 75.81385
1660 83.52716 27.714058
1661 68.81404 38.703453
1662 26.30011 17.653103
1663 41.731396 73.015625
1664 43.474297 67.365555
1665 1.4383125 56.41234
1666 52.241665 13.555206
1667 3.9788055 33.594666
1668 69.99724 24.082685
1669 32.072613 27.686075
1670 22.383053 2.9368439
1671 37.974754 89.26044
1672 18.018028 40.84602
1673 12.969482 20.334005
1674 86.32237 9.347137
1675 62.62561 93.57505
1676 26.479979 19.163088
1677 24.7006 50.39522
1678 75.854774 64.85594
1679 89.36364 76.18836
1680 39.91475 67.2874
1681 9.569691 88.6691
1682 53.8345 11.232067
1683 62.30674 41.680267
1684 23.268425 21.455427
1685 42.111572 17.90361
1686 96.48648 33.188534
1687 5.115444 9.776455
1688 78.347824 41.595505
1689 12.660702 45.57852
1690 66.453255 54.66481
1691 42.553066 20.15796
1692 3.4618187 65.47198
1693 65.53125 36.93185
1694 29.64944 28.748108
1695 72.02643 66.95203
1696 51.340836 76.98675
1697 46.503014 7.328926
1698 82.37997 1.048954
1699 52.47201 69.25457
1700 54.175903 15.733448
1701 8.543274 42.070522
1702 46.805878 72.09908
1703 13.686077 30.852858
1704 84.936646 82.47004
1705 44.718163 63.003372
1706 89.52491 89.657776
1707 22.751942 90.36955
1708 83.03693 97.40997
1709 28.118414 21.104788
1710 86.980286 57.686874
1711 57.761433 22.118803
1712 29.214527 51.243935
1713 15.116528 76.610306
1714 27.409971 80.948395
1715 13.645641 54.73014
1716 98.642456 20.73376
1717 34.654953 70.31352
1718 21.76963 25.09979
1719 83.81723 88.54344
1720 92.37122 25.603363
1721 60.73049 71.88796
1722 49.809315 36.29199
1723 12.209202 87.491806
1724 37.26621 35.56533
1725 54.726185 36.142567
1726 64.15088 3.9360313
1727 20.386354 2.4118118
1728 91.298416 69.04148
1729 58.116264 32.83551
1730 88.59452 98.26162
1731 25.625492 65.73154
1732 59.55722 47.516064
1733 96.95911 17.393024
1734 47.6789 20.695925
1735 71.291 87.385704
1736 32.862064 40.81302
1737 98.59908 85.69833
1738 11.419331 99.00145
1739 25.191301 44.38429
1740 40.650288 18.097187
1741 18.393013 94.00962
1742 77.21528 69.76213
1743 46.651222 26.347876
1744 75.87622 82.85697
1745 12.705898 93.33451
1746 51.84647 78.60169
1747 59.879047 9.14864
1748 12.806007 13.475426
1749 7.263489 45.956856
1750 92.49535 17.143658
1751 59.288532 16.2373
1752 86.75586 90.007965
1753 91.00233 54.141018
1754 44.13058 39.50532
1755 70.23637 21.393124
1756 98.810684 54.822617
1757 37.386265 93.13702
1758 54.555386 66.17509
1759 26.353954 80.01755
1760 63.87342 1.2821159
1761 80.50951 8.080139
1762 39.577297 64.64771
1763 29.177902 25.286062
1764 82.00895 13.082748
1765 87.69806 8.226204
1766 99.16461 76.14573
1767 59.369736 6.741913
1768 31.201767 79.850334
1769 9.491783 51.526886
1770 29.57497 5.607071
1771 58.225307 24.34679
1772 62.396034 70.60931
1773 11.990761 99.7794
1774 60.802387 24.69939
1775 9.100555 17.33384
1776 30.98877 67.63266
1777 38.693756 40.07651
1778 26.347889 62.908432
1779 94.953804 1.660408
1780 21.581995 1.9071693
1781 32.035347 56.745235
1782 86.73512 99.38692
1783 84.86049 9.986748
1784 4.505867 28.562973
1785 4.965351 91.44034
1786 42.532436 95.60942
1787 4.443817 77.22255
1788 98.01113 91.803406
1789 35.052788 30.214403
1790 49.84105 45.82437
1791 8.997215 24.499985
1792 69.64386 51.31563
1793 30.45059 43.758247
1794 11.268585 2.5431404
1795 48.10632 96.75039
1796 72.24725 71.03374
1797 14.170803 22.157162
1798 12.848827 10.791222
1799 85.73667 13.516758
1800 94.54719 43.121708
1801 9.597023 78.3657
1802 25.15175 26.869835
1803 11.315968 71.93756
1804 89.87236 37.469677
1805 46.13638 51.780464
1806 17.631153 98.96226
1807 22.041391 85.246605
1808 3.3258057 34.105442
1809 19.889236 69.04906
1810 30.290543 3.4423256
1811 99.921844 73.14021
1812 7.7060585 39.52409
1813 70.06705 45.102142
1814 15.899448 11.399216
1815 26.63287 75.12047
1816 26.939436 46.04586
1817 13.180527 47.393955
1818 4.71262 83.432465
1819 78.6766 30.811792
1820 17.572334 86.23726
1821 71.32133 82.91588
1822 87.30892 58.03133
1823 71.60936 11.438377
1824 75.370285 85.26166
1825 64.17436 94.11597
1826 11.133659 71.701866
1827 33.16234 15.85548
1828 21.349247 29.514235
1829 17.167274 10.208622
1830 72.43685 1.6495857
1831 17.296135 63.908104
1832 69.85443 73.86535
1833 46.49465 29.903442
1834 93.94367 65.78572
1835 96.630356 58.0365
1836 54.648914 10.311493
1837 54.631554 28.599535
1838 18.365257 5.2384796
1839 32.771866 49.0566
1840 81.27783 83.6461
1841 23.62547 15.02932
1842 87.62189 34.741177
1843 31.903057 95.64679
1844 90.18979 96.342224
1845 97.390884 52.600903
1846 41.7422 98.85925
1847 49.28231 88.76558
1848 77.029816 62.17006
1849 52.633987 55.18639
1850 19.058653 88.72484
1851 1.0338974 92.18637
1852 57.702705 77.11412
1853 57.921597 24.181135
1854 73.85598 72.659546
1855 9.073254 80.89557
1856 39.22597 64.856
1857 52.285145 96.94766
1858 12.1012 95.82486
1859 50.070797 27.289528
1860 46.587967 98.93044
1861 40.556168 49.013348
1862 32.87159 76.132126
1863 87.333755 93.539856
1864 80.18894 76.33493
1865 12.943737 7.6729584
1866 44.958347 91.136665
1867 86.16145 79.885216
1868 71.70832 75.80842
1869 88.27986 5.4338036
1870 71.080055 45.297848
1871 94.98836 36.329483
1872 74.35795 41.195717
1873 99.451035 48.826717
1874 82.210815 35.004807
1875 87.873955 66.758026
1876 97.4808 5.761364
1877 15.014835 10.880047
1878 60.997692 15.051289
1879 27.848618 96.3769
1880 16.458447 64.80672
1881 22.763428 45.218613
1882 3.659771 25.750135
1883 33.24701 84.75734
1884 84.231384 22.16312
1885 92.24217 23.673063
1886 59.857304 73.90048
1887 41.195797 15.414734
1888 13.205029 75.613815
1889 8.072735 60.722023
1890 36.71782 8.772285
1891 50.746056 39.71028
1892 85.406334 42.67096
1893 64.68598 86.27971
1894 89.6535 52.879894
1895 67.98869 86.64402
1896 50.979225 1.8533173
1897 60.711426 64.46126
1898 3.0592117 62.175514
1899 71.91394 62.98668
1900 98.30321 3.7556686
1901 44.003166 36.742165
1902 40.488968 83.73955
1903 66.16206 23.33585
1904 80.419136 47.03026
1905 69.19811 27.988253
1906 17.33107 86.19162
1907 35.97657 72.06801
1908 26.391632 40.19345
1909 30.197935 54.884384
1910 33.711403 60.075512
1911 31.276644 95.80606
1912 20.966124 15.486267
1913 25.3618 83.58906
1914 70.02328 70.167625
1915 54.52402 27.993658
1916 86.48164 1.9439392
1917 38.66622 19.168205
1918 43.01084 10.604992
1919 90.78318 41.85438
1920 98.80373 30.66165
1921 61.954647 12.364944
1922 44.097466 91.42464
1923 28.389269 93.837234
1924 64.53949 67.08104
1925 41.541615 38.606037
1926 59.876247 36.09691
1927 11.397713 46.57586
1928 12.162666 81.442154
1929 44.270428 48.69983
1930 93.6431 48.602024
1931 3.95113 58.198524
1932 26.373838 47.03677
1933 48.504135 11.51133
1934 48.34733 1.2262993
1935 63.577908 35.22905
1936 34.6815 41.17061
1937 25.93269 24.104893
1938 4.7843437 73.95851
1939 19.717976 20.57687
1940 52.184883 1.9647369
1941 67.087715 65.683174
1942 94.3175 46.77051
1943 72.76757 51.1423
1944 5.7815895 94.71285
1945 17.155235 28.0109
1946 44.274887 65.15375
1947 31.22713 5.09824
1948 28.368502 95.70796
1949 37.887085 43.146393
1950 94.302155 23.213627
1951 19.995413 14.668896
1952 85.220276 78.90864
1953 82.929855 42.733353
1954 63.31391 55.986267
1955 5.9564056 62.383804
1956 23.534418 89.424934
1957 65.864235 19.331059
1958 92.47391 50.25054
1959 11.631805 32.54733
1960 43.342236 34.55394
1961 97.73862 73.09073
1962 43.10692 19.339828
1963 23.080141 78.08291
1964 44.710964 48.636684
1965 26.048765 21.389357
1966 19.045631 86.50249
1967 43.92636 27.922281
1968 66.90811 63.072308
1969 20.996748 93.97226
1970 7.761635 8.67371
1971 86.184616 73.85424
1972 7.9191017 58.97991
1973 68.02064 85.91208
1974 2.8068733 81.5201
1975 9.617157 94.67447
1976 67.25665 21.955727
1977 90.935135 59.62356
1978 1.7487564 91.32085
1979 52.64799 16.737305
1980 50.524998 21.333971
1981 78.98669 19.997753
1982 92.52739 5.812088
1983 14.609272 44.238415
1984 22.507675 56.85406
1985 35.9463 43.299404
1986 90.640366 5.718754
1987 23.43404 30.496216
1988 98.288895 69.59949
1989 25.00535 43.10387
1990 29.469625 49.506943
1991 54.59513 57.97341
1992 85.539764 63.535824
1993 56.446503 5.6940575
1994 95.54744 6.2960243
1995 24.307394 47.90509
1996 71.15738 15.759335
1997 30.648285 86.48161
1998 50.72257 11.238579
1999 13.623657 58.876915
2000 71.8018 91.11694
2001 67.78266 41.64237
2002 86.87724 30.979874
2003 51.73386 72.480484
2004 34.343163 1.8640366
2005 55.40548 60.077866
2006 98.954895 16.264847
2007 99.72328 57.001316
2008 79.46488 95.462105
2009 29.832188 99.87658
2010 12.398834 91.67096
2011 16.059292 22.480942
2012 6.0230103 96.10754
2013 74.92903 22.710184
2014 83.86273 19.484476
2015 56.07833 53.859306
2016 23.025558 42.837597
2017 92.94664 37.96089
2018 80.77527 43.406296
2019 6.360302 90.16597
2020 67.44043 19.222557
2021 49.89585 37.1056
2022 29.337225 88.05257
2023 91.84701 43.781555
2024 81.69177 51.62765
2025 61.901657 57.5365
2026 6.2156487 23.780819
2027 41.15506 87.44692
2028 14.19268 82.21475
2029 38.12644 21.06293
2030 42.647343 36.80728
2031 15.39629 43.466652
2032 89.321175 35.288906
2033 87.23962 42.942146
2034 31.92937 64.40639
2035 75.67565 89.18762
2036 78.04319 66.429825
2037 92.379654 99.34636
2038 75.302376 18.109138
2039 58.835068 44.55284
2040 42.65749 5.9560127
2041 97.01565 4.728508
2042 89.90736 62.232708
2043 81.7527 13.253445
2044 35.07177 84.880844
2045 59.82346 41.117924
2046 88.77156 10.653713
2047 57.807518 92.0854
2048 71.63444 72.08821
2049 47.225254 74.26887
2050 96.191345 2.0808258
2051 38.553375 78.50112
2052 1.4901619 95.089424
2053 52.138546 72.152954
2054 92.41846 79.65883
2055 1.5070114 55.1637
2056 51.19258 83.693184
2057 65.58038 96.3974
2058 93.68459 78.102135
2059 23.475758 92.63223
2060 26.344862 24.938915
2061 27.394684 31.342808
2062 28.505964 6.4622574
2063 11.425339 17.052715
2064 26.512838 66.61506
2065 31.63398 23.99453
2066 38.245464 99.68783
2067 23.216145 68.62704
2068 35.339043 63.56306
2069 42.88343 38.980762
2070 86.17343 73.116516
2071 86.094315 40.183693
2072 8.249226 80.988655
2073 72.31033 5.9872246
2074 90.69593 38.619293
2075 68.71154 80.28308
2076 2.7023735 97.52228
2077 55.68637 32.25192
2078 47.407524 41.91046
2079 37.511734 53.34354
2080 55.41858 68.901054
2081 29.854588 81.00029
2082 83.2704 22.927126
2083 23.634003 85.23306
2084 69.147934 91.97119
2085 26.90388 6.0401382
2086 90.47499 54.234684
2087 21.439142 19.743435
2088 77.00336 61.233932
2089 84.600204 52.626255
2090 31.75437 69.373634
2091 90.358055 5.858433
2092 96.64971 71.824005
2093 23.65677 24.121105
2094 1.5623322 68.24472
2095 50.02908 42.02302
2096 82.735985 67.32013
2097 62.29389 59.500305
2098 77.874626 28.104996
2099 16.5089 54.652172
2100 97.86449 5.8014336
2101 83.44874 80.0652
2102 53.261154 48.446644
2103 43.426247 1.4839516
2104 36.50239 36.90236
2105 23.260294 91.90112
2106 13.877247 45.80186
2107 95.67085 62.780457
2108 42.77796 95.67052
2109 94.07051 92.62072
2110 69.17802 47.89834
2111 13.434063 6.6964912
2112 31.10335 25.447596
2113 92.563736 51.30212
2114 79.92647 59.73996
2115 12.040791 96.23471
2116 93.66723 34.384377
2117 60.382828 64.447174
2118 48.576473 54.26065
2119 65.637886 25.518913
2120 91.36986 94.25847
2121 57.178413 49.362526
2122 14.405346 83.59422
2123 84.63505 63.392834
2124 56.40695 2.8326569
2125 34.084465 31.640514
2126 66.638664 72.766846
2127 66.91523 27.689234
2128 85.58678 54.186367
2129 4.619385 24.192783
2130 92.64751 40.12157
2131 86.36368 69.24625
2132 47.649773 91.63419
2133 29.93997 72.72155
2134 75.06168 98.04701
2135 5.3377953 31.007748
2136 17.271374 21.944426
2137 14.47884 99.996445
2138 46.10817 82.62001
2139 99.401855 66.75815
2140 48.66755 66.095055
2141 21.972862 87.1436
2142 88.18353 37.273815
2143 1.4092331 76.10141
2144 1.6345329 3.4779549
2145 18.123238 31.26898
2146 31.58314 57.44793
2147 85.62637 96.66458
2148 75.03266 99.25566
2149 93.98424 74.38409
2150 35.282642 7.0703583
2151 14.032955 18.248852
2152 68.84111 75.069214
2153 25.072887 38.273315
2154 74.208046 5.4138412
2155 96.59908 46.702587
2156 19.783405 25.065624
2157 20.806404 2.3347435
2158 23.779224 53.170845
2159 54.64532 53.502563
2160 62.66351 26.450638
2161 33.720734 51.02025
2162 18.00925 61.979267
2163 95.90555 80.106186
2164 7.2970924 53.97661
2165 47.819046 3.975689
2166 23.118477 78.93778
2167 14.994045 48.77075
2168 51.079357 17.290222
2169 81.69084 62.83398
2170 89.839935 64.18056
2171 54.58844 30.659555
2172 74.291466 35.50807
2173 54.429394 28.09644
2174 56.511227 55.41224
2175 64.401 74.30265
2176 28.711378 73.290405
2177 37.074554 26.051977
2178 93.51328 25.275108
2179 7.706379 33.132805
2180 40.667416 20.257471
2181 57.8873 51.297085
2182 28.694551 5.869789
2183 98.08916 86.17491
2184 77.18753 40.340256
2185 10.43354 15.887844
2186 64.94213 97.38769
2187 59.643345 48.69228
2188 82.34651 93.42705
2189 82.17183 19.195604
2190 22.986595 89.486115
2191 51.52511 37.569622
2192 25.581076 16.418896
2193 54.433876 63.829754
2194 31.023212 95.30817
2195 48.28449 12.572929
2196 77.104034 76.92763
2197 92.19922 35.203564
2198 22.037394 34.022705
2199 33.156517 38.354942
2200 65.84811 92.05025
2201 31.379078 38.819424
2202 99.374084 70.67804
2203 83.69409 26.099665
2204 62.461906 45.00827
2205 19.106016 80.82761
2206 12.813614 64.53679
2207 45.482437 2.8424492
2208 50.0369 45.082645
2209 34.310905 48.345646
2210 99.23056 61.77073
2211 38.11617 96.07715
2212 78.16864 58.346878
2213 79.83396 48.95456
2214 38.97654 12.728897
2215 70.70017 17.800022
2216 95.856926 67.38989
2217 16.480137 57.28694
2218 44.655834 82.14097
2219 48.833572 43.62032
2220 22.801632 60.797523
2221 59.0604 34.70422
2222 67.48648 37.8474
2223 47.58623 56.49483
2224 12.62233 41.08404
2225 41.494576 13.01643
2226 24.274492 98.15749
2227 3.0905838 15.901924
2228 11.806473 36.690044
2229 66.68173 37.604996
2230 4.7434387 85.018105
2231 93.136116 78.48495
2232 64.037285 80.8255
2233 12.423241 16.167408
2234 57.00001 6.4106903
2235 24.565619 59.228912
2236 85.012794 11.212975
2237 68.02159 49.3366
2238 43.627285 56.589375
2239 72.36844 74.268
2240 13.385193 63.366386
2241 48.463337 70.2058
2242 10.362217 21.47411
2243 81.32046 63.731995
2244 71.46693 81.519066
2245 47.92304 88.201126
2246 98.87467 31.811516
2247 73.957085 10.137417
2248 93.73182 40.710472
2249 67.922 96.5392
2250 4.2891045 11.2277565
2251 55.00627 28.7616
2252 48.41394 28.682575
2253 25.562698 82.56637
2254 24.24848 12.6531105
2255 81.2189 57.02048
2256 80.93434 66.645584
2257 65.65327 42.741486
2258 93.64226 19.408491
2259 63.659138 17.903534
2260 75.85802 45.238567
2261 34.64612 32.205124
2262 57.9087 61.200954
2263 85.181694 38.31965
2264 42.47361 8.659611
2265 17.961811 44.660934
2266 24.882166 77.82259
2267 61.68623 4.851227
2268 28.670229 96.258995
2269 78.55009 64.01856
2270 1.0065994 66.22245
2271 95.406494 64.42362
2272 2.1434174 42.83638
2273 70.23836 10.595474
2274 69.940216 5.0437775
2275 6.793129 58.308357
2276 3.5395012 4.5145683
2277 75.39245 25.35938
2278 77.99884 29.824684
2279 64.317856 50.00066
2280 13.14056 18.10822
2281 62.413876 39.530228
2282 92.54135 75.63652
2283 62.601643 15.338604
2284 36.606018 49.279213
2285 38.129883 57.02647
2286 12.919376 56.542854
2287 17.352184 35.790066
2288 35.385708 16.626595
2289 52.61851 58.213234
2290 99.285934 4.060707
2291 10.028427 65.207085
2292 84.03183 52.48207
2293 85.33011 14.715118
2294 20.750307 28.46401
2295 91.08716 95.83946
2296 42.627434 36.073532
2297 67.90481 79.76367
2298 91.117226 14.904808
2299 61.07276 78.68733
2300 59.601135 75.83805
2301 50.33725 51.450672
2302 56.267532 68.21059
2303 22.945486 79.874626
2304 76.91965 69.88254
2305 9.564301 17.99361
2306 75.50161 61.805862
2307 56.2907 7.9101563
2308 87.017456 74.76358
2309 43.825996 73.35224
2310 29.710205 82.88701
2311 2.140728 20.067345
2312 41.07154 49.33276
2313 44.451004 74.356155
2314 67.52719 50.99465
2315 92.80168 13.75209
2316 47.699028 84.99564
2317 75.3773 13.941139
2318 62.897247 98.58407
2319 64.29168 87.87858
2320 77.12531 95.48558
2321 95.32581 15.071926
2322 81.041985 10.211128
2323 56.880997 75.50785
2324 41.90393 64.1635
2325 9.5678215 70.63848
2326 97.90718 63.7385
2327 65.692406 17.911182
2328 66.81197 66.61122
2329 48.39112 8.623077
2330 51.118984 37.807076
2331 1.2911034 36.13235
2332 63.682358 34.63676
2333 45.782806 72.32831
2334 2.8998451 25.843416
2335 87.43156 46.278847
2336 87.18744 34.45849
2337 75.10013 14.1415825
2338 46.982605 89.64458
2339 31.200274 17.033615
2340 98.5452 30.798342
2341 65.993164 71.76378
2342 70.17438 5.940933
2343 32.83442 21.168709
2344 69.86593 13.866817
2345 85.29726 30.25828
2346 7.3955803 62.3337
2347 65.80114 64.46484
2348 35.701523 75.997284
2349 5.5594063 42.17746
2350 63.049416 70.71917
2351 24.564596 6.18478
2352 68.25079 25.120232
2353 13.380138 47.683372
2354 26.64476 82.99388
2355 87.25217 1.4604073
2356 84.4994 67.63528
2357 58.29858 56.421276
2358 98.165695 3.26865
2359 78.00331 43.287853
2360 77.81891 95.911125
2361 55.76038 97.74762
2362 51.786274 23.302094
2363 89.62407 8.320972
2364 14.325005 93.4095
2365 29.541302 89.0506
2366 57.35642 26.718409
2367 41.99815 8.069756
2368 94.73438 77.72856
2369 84.27071 1.5132294
2370 48.308083 53.355824
2371 12.198101 16.571732
2372 77.865524 19.642677
2373 4.778759 28.515411
2374 87.612885 1.8902016
2375 37.823986 35.28346
2376 3.6453972 10.459122
2377 33.00994 86.96156
2378 93.57695 43.38312
2379 43.613052 5.368004
2380 88.25932 55.27455
2381 97.788925 71.98415
2382 68.78382 46.040283
2383 26.598164 29.573662
2384 91.43418 47.305897
2385 69.93657 31.224302
2386 87.30796 14.341351
2387 55.630966 66.49162
2388 86.16487 73.87837
2389 44.099167 43.334667
2390 15.506584 48.399807
2391 1.6940384 39.32267
2392 62.476616 60.716873
2393 78.5508 60.838127
2394 56.326355 27.620186
2395 91.416855 99.99411
2396 96.80014 37.131916
2397 72.97545 46.39263
2398 65.50535 99.792206
2399 23.724524 11.062519
2400 12.304562 63.246376
2401 77.12901 69.66819
2402 45.732487 62.94787
2403 44.485535 19.471605
2404 3.720253 74.277084
2405 24.36072 29.506506
2406 61.73921 97.152374
2407 37.431973 58.25343
2408 29.763533 46.11204
2409 2.556511 86.43797
2410 65.9571 96.015564
2411 64.642075 83.615204
2412 59.169006 16.899494
2413 67.14177 4.392498
2414 45.010128 51.312717
2415 13.946869 46.018738
2416 66.964645 5.174942
2417 89.87605 60.313297
2418 25.068386 22.192991
2419 30.810816 28.207075
2420 66.78705 25.359098
2421 63.788696 3.925068
2422 62.805946 60.720493
2423 75.33734 71.6503
2424 71.401 72.9389
2425 67.177864 40.745125
2426 68.34883 74.225845
2427 99.11835 18.78048
2428 32.147446 97.91026
2429 6.5613976 22.359953
2430 54.28479 94.07884
2431 44.748566 74.51585
2432 42.341167 12.8113785
2433 66.31151 67.557236
2434 82.11567 58.047787
2435 57.082817 16.436089
2436 6.4308586 33.318657
2437 10.459354 99.28798
2438 14.6606865 68.397385
2439 21.874832 43.561874
2440 87.74196 36.382095
2441 50.474636 42.26452
2442 50.020824 65.5307
2443 99.063675 73.90108
2444 19.002216 55.222218
2445 35.761383 54.358723
2446 18.145668 9.403358
2447 65.17729 52.072052
2448 81.97647 49.218506
2449 59.927044 84.88051
2450 73.31114 74.9169
2451 82.6174 65.75939
2452 42.395203 96.26451
2453 58.9193 5.930523
2454 12.037823 1.239193
2455 89.490036 41.844772
2456 67.233376 60.37803
2457 58.894203 97.553764
2458 55.918446 36.68346
2459 64.18072 88.82765
2460 8.820217 96.24275
2461 45.632065 3.4786568
2462 6.517742 56.171124
2463 54.289185 2.142952
2464 95.358315 92.71898
2465 97.73457 41.71299
2466 95.50658 77.88739
2467 3.9104881 72.09539
2468 15.601318 24.16508
2469 1.2485962 76.37617
2470 8.512424 66.25699
2471 23.775343 89.0315
2472 94.69878 35.75085
2473 7.924179 47.409023
2474 56.144432 15.690189
2475 17.710968 16.54512
2476 18.179882 51.296894
2477 10.569691 65.682976
2478 94.769104 89.92371
2479 99.67691 36.646854
2480 64.15436 92.526794
2481 25.831327 30.412537
2482 59.804474 46.41343
2483 92.011185 49.11988
2484 53.881977 33.71474
2485 41.484932 74.79321
2486 12.099834 98.76503
2487 71.81908 37.61389
2488 37.661133 65.26842
2489 77.48918 45.618145
2490 89.08423 33.257446
2491 84.16861 65.53203
2492 86.53 53.642418
2493 82.06483 7.8246117
2494 49.181602 35.73887
2495 27.684326 92.5963
2496 12.137657 49.640366
2497 14.789143 63.786213
2498 54.82184 33.695343
2499 41.571377 41.057247
2500 97.556625 67.396515
2501 21.247404 59.094315
2502 27.13247 60.322784
2503 70.92565 64.99243
2504 22.305387 2.8680458
2505 88.040955 78.98053
2506 57.409966 21.07795
2507 20.335176 11.210701
2508 69.88012 21.149664
2509 15.123047 63.37358
2510 25.244719 21.010067
2511 6.1408424 45.822865
2512 12.755199 47.94208
2513 85.69492 69.56299
2514 29.16931 63.250725
2515 9.94109 79.371704
2516 58.411484 89.95148
2517 84.46178 64.436005
2518 26.42183 67.25277
2519 52.214344 6.458763
2520 9.259563 40.579533
2521 76.3174 79.4409
2522 2.933014 13.799301
2523 91.08696 73.27643
2524 21.55825 72.77901
2525 35.03609 69.284706
2526 17.923626 75.739586
2527 61.526573 3.5434608
2528 44.303795 89.415276
2529 50.89922 94.68394
2530 69.89038 10.565266
2531 38.147194 28.775555
2532 90.42004 28.356804
2533 37.81016 59.80402
2534 83.69282 83.11927
2535 96.16383 59.02591
2536 78.3943 10.244656
2537 67.7253 54.27189
2538 3.314621 17.995693
2539 49.232372 48.63618
2540 24.427685 31.836786
2541 31.46983 80.326836
2542 13.57164 48.124664
2543 55.42532 5.5335083
2544 38.089836 66.125694
2545 57.577312 92.90293
2546 74.02852 89.859344
2547 58.38368 76.481544
2548 15.945694 51.65195
2549 79.12236 58.472668
2550 82.92026 48.933327
2551 15.341057 10.185852
2552 66.82567 19.12175
2553 9.189415 96.23355
2554 55.29497 85.53171
2555 27.934145 79.92674
2556 55.982765 39.564804
2557 40.326366 11.948826
2558 13.979103 17.32978
2559 57.380714 69.57581
2560 17.563778 89.61382
2561 12.082516 41.4675
2562 52.97882 5.219597
2563 81.32132 72.28422
2564 96.28877 34.446407
2565 12.055843 71.49404
2566 17.623562 2.7539673
2567 73.468 98.64429
2568 40.30919 83.67649
2569 2.75531 64.6348
2570 66.317535 69.85462
2571 40.180183 38.54877
2572 44.66607 88.52655
2573 56.570255 77.19372
2574 76.87287 99.095566
2575 12.134956 4.4383926
2576 7.2192307 82.60986
2577 63.712276 10.287502
2578 49.257507 47.766968
2579 78.5166 66.56541
2580 34.238674 76.79214
2581 92.14438 99.94961
2582 43.42282 22.506542
2583 95.90098 86.16402
2584 23.81011 89.98565
2585 14.527763 32.145287
2586 60.418846 7.8113785
2587 39.640404 32.523766
2588 85.99111 57.440475
2589 98.512054 7.8322563
2590 94.323204 55.31324
2591 27.681099 30.162092
2592 25.9926 67.16766
2593 93.47307 18.222336
2594 13.084827 27.146513
2595 28.647913 10.252293
2596 10.215519 71.52266
2597 77.76727 5.8038445
2598 93.78125 44.40795
2599 25.487202 2.3871841
2600 9.203079 33.942104
2601 26.695879 91.71765
2602 76.14801 5.6221657
2603 40.619835 50.24778
2604 25.133493 71.17474
2605 9.806004 52.380375
2606 23.894682 54.188286
2607 55.13884 61.34924
2608 26.9406 31.522137
2609 86.53749 51.412388
2610 6.5721664 45.274166
2611 33.73449 49.480724
2612 35.04222 12.769196
2613 91.40312 18.873749
2614 82.11965 94.94894
2615 22.408407 5.319378
2616 10.555626 56.972553
2617 88.68567 67.775085
2618 66.65636 96.867775
2619 29.494179 36.131165
2620 56.338303 65.1274
2621 21.535275 64.54705
2622 20.214739 34.859055
2623 41.65448 13.597675
2624 50.640762 67.95928
2625 48.089947 12.225861
2626 72.92583 71.029724
2627 93.45511 31.894274
2628 77.32998 80.11475
2629 55.45278 20.530537
2630 81.35402 98.72328
2631 53.440434 71.84087
2632 56.828346 3.5031471
2633 39.29494 98.583725
2634 11.567581 73.44453
2635 17.038532 83.299286
2636 29.681534 75.37784
2637 5.2888107 14.954254
2638 31.995363 31.421116
2639 67.99753 41.305637
2640 26.825172 11.189011
2641 44.110775 92.40491
2642 99.73886 70.7202
2643 24.735426 29.41544
2644 49.35676 83.52762
2645 84.76001 55.195984
2646 39.951336 11.112034
2647 6.0572853 25.272532
2648 50.641094 18.315857
2649 33.17714 91.065025
2650 92.59366 63.449776
2651 19.863827 70.78486
2652 92.67018 75.91623
2653 87.94617 14.413372
2654 11.929527 87.14116
2655 24.108932 9.484436
2656 20.161985 11.370506
2657 26.998629 37.4535
2658 65.80394 57.306263
2659 31.430008 15.277931
2660 95.45529 41.226265
2661 41.241096 61.253597
2662 61.72966 56.76302
2663 27.882273 71.13872
2664 84.29703 14.367897
2665 61.199905 15.911324
2666 30.655704 32.098274
2667 36.968193 56.13583
2668 63.335907 61.592525
2669 95.29296 24.71712
2670 23.226946 37.96425
2671 60.186012 91.199265
2672 87.66747 5.865654
2673 66.22796 57.06669
2674 17.44471 79.09651
2675 23.55347 80.694305
2676 81.358795 74.285034
2677 50.61577 81.02736
2678 52.453533 68.166306
2679 71.26585 57.65637
2680 35.250633 14.43293
2681 26.210724 6.089611
2682 57.422623 38.4218
2683 29.873892 83.30859
2684 13.549732 89.36007
2685 23.467325 16.944595
2686 26.027819 49.411106
2687 90.37572 89.8099
2688 63.64698 22.655107
2689 76.06366 97.43326
2690 1.9423981 90.61098
2691 43.63203 42.908607
2692 29.41946 22.956017
2693 79.89291 84.52529
2694 71.95327 2.4906769
2695 57.090218 87.65102
2696 50.32376 86.48708
2697 93.69542 99.9987
2698 92.00049 67.0701
2699 74.12367 10.190872
2700 82.30026 12.20171
2701 42.901936 28.894905
2702 89.79362 66.42588
2703 19.503784 17.654076
2704 10.8264885 76.63636
2705 95.30185 87.94443
2706 52.928696 60.986675
2707 46.73104 8.424923
2708 12.642696 64.924995
2709 66.02046 8.587898
2710 52.840294 84.78584
2711 85.07234 68.18011
2712 38.922646 34.554962
2713 70.89433 8.002632
2714 39.733128 97.23856
2715 79.52345 52.010006
2716 92.666824 47.30709
2717 10.847115 87.32384
2718 14.42223 68.0984
2719 61.884567 74.0979
2720 86.82011 97.80005
2721 87.28992 3.9337616
2722 55.753807 91.36932
2723 42.309105 65.2419
2724 89.29795 15.28183
2725 8.920876 49.553947
2726 49.210876 24.187502
2727 50.78828 44.235004
2728 63.402588 10.627403
2729 37.053406 77.748245
2730 55.240227 91.6764
2731 72.77272 8.307625
2732 49.585438 59.091766
2733 3.549389 71.52083
2734 93.52752 80.97045
2735 74.70639 68.92907
2736 97.22301 29.38934
2737 58.408504 41.686928
2738 83.40157 69.15938
2739 95.961426 65.50168
2740 72.0986 87.25292
2741 1.0906944 61.788998
2742 28.930159 33.71035
2743 18.810507 71.29353
2744 71.87765 4.062191
2745 66.181786 47.399147
2746 39.78115 7.280121
2747 28.283587 29.431032
2748 25.569756 11.834866
2749 2.345749 21.917946
2750 12.412106 51.55808
2751 86.7113 71.77444
2752 37.83378 16.761398
2753 52.64998 47.43011
2754 40.284824 42.003265
2755 74.24694 28.500849
2756 32.9638 63.31251
2757 39.149742 71.012245
2758 45.9397 57.581444
2759 97.46527 91.08676
2760 24.529182 68.11818
2761 9.234425 33.376648
2762 90.92857 41.364437
2763 59.513264 95.77173
2764 1.2466316 78.39741
2765 8.1931 27.539871
2766 6.0816116 45.060467
2767 4.2376556 77.393814
2768 42.193287 18.050892
2769 97.226425 15.809902
2770 2.8862877 62.648502
2771 47.81435 69.22316
2772 16.549328 47.69242
2773 3.8919373 44.746605
2774 99.75497 1.3227882
2775 70.451485 5.2591476
2776 12.101852 25.247368
2777 43.836983 59.43452
2778 94.48162 78.05032
2779 65.651184 86.302505
2780 44.483727 95.97031
2781 24.643686 42.673508
2782 28.353634 76.47247
2783 74.07812 8.448204
2784 14.542072 30.521584
2785 19.419899 1.6539497
2786 96.95303 47.683968
2787 62.533237 90.7332
2788 27.019974 24.20753
2789 87.708466 29.936075
2790 78.10469 31.319115
2791 27.780256 31.428444
2792 49.8734 70.75879
2793 58.59452 21.537867
2794 87.38331 48.61029
2795 66.11698 80.262054
2796 35.09504 12.038128
2797 96.20263 3.658844
2798 24.036686 52.43885
2799 54.75848 43.9333
2800 7.941471 9.248413
2801 56.591858 98.01096
2802 41.396156 89.938416
2803 90.13147 74.576866
2804 4.0139008 33.20389
2805 84.68393 78.058655
2806 11.086922 62.51213
2807 69.934425 30.947773
2808 24.968687 19.279427
2809 32.05876 52.524097
2810 19.60415 92.53055
2811 58.54826 90.92927
2812 88.853615 22.172777
2813 98.037186 19.97499
2814 46.73692 65.29786
2815 98.35924 75.91835
2816 22.944326 86.26216
2817 63.12752 73.09314
2818 37.291325 75.94956
2819 24.629908 71.62148
2820 94.170364 42.248016
2821 70.8336 88.61536
2822 49.38164 90.98416
2823 43.159462 7.9617577
2824 57.948605 20.900553
2825 91.28044 92.39516
2826 65.7375 86.080475
2827 8.611755 12.959621
2828 61.72425 98.300156
2829 65.75148 40.577347
2830 16.34592 23.865524
2831 77.917435 51.576233
2832 60.231354 80.51749
2833 58.703186 27.67476
2834 95.26352 98.717545
2835 69.63412 58.74837
2836 36.51162 92.94035
2837 59.878548 24.053768
2838 27.875456 23.202711
2839 86.059235 43.161415
2840 90.69453 88.94663
2841 60.735764 55.519543
2842 27.225166 91.31198
2843 23.558678 40.201965
2844 35.853745 45.801865
2845 39.66023 14.338032
2846 41.378925 6.399391
2847 42.263165 2.6050873
2848 90.83655 22.740034
2849 24.24634 96.1705
2850 76.07128 74.32776
2851 27.46616 98.75604
2852 30.241709 19.982155
2853 87.401596 68.50448
2854 27.527 45.933823
2855 17.513287 66.884605
2856 67.50937 21.184467
2857 71.24173 99.80129
2858 52.63101 9.116306
2859 89.69706 57.49255
2860 19.038742 67.23158
2861 79.305084 51.50272
2862 95.43538 86.9984
2863 42.899757 71.671616
2864 77.34638 69.0462
2865 83.810905 72.67294
2866 48.568203 55.002697
2867 90.86559 21.076378
2868 5.7712097 57.057796
2869 36.139954 75.6914
2870 33.576065 4.7105064
2871 17.193317 41.80738
2872 99.673805 73.237366
2873 4.6604767 74.41216
2874 72.46927 82.551926
2875 43.0985 95.09024
2876 79.28793 74.25482
2877 56.548336 16.349014
2878 85.867134 73.32249
2879 81.503006 5.5699883
2880 23.625824 28.030499
2881 98.65928 34.07419
2882 5.8173256 33.508923
2883 39.88062 87.75815
2884 71.27362 37.663666
2885 91.11497 54.15033
2886 94.209915 21.579922
2887 81.269005 63.788822
2888 19.879427 67.555405
2889 47.206444 14.809914
2890 83.36462 27.790844
2891 19.682747 61.3836
2892 82.57504 29.594395
2893 88.24062 79.366516
2894 15.286701 51.91684
2895 93.03607 42.825912
2896 22.864145 87.84144
2897 59.010574 53.55444
2898 96.67629 97.48303
2899 72.85544 94.45846
2900 4.627674 42.25086
2901 41.231064 60.084377
2902 56.798096 99.19096
2903 42.595898 34.405594
2904 85.09019 23.622345
2905 6.7276764 79.2407
2906 65.40501 64.36048
2907 49.234627 31.165247
2908 38.85807 43.903336
2909 6.8362846 31.985188
2910 92.411316 3.0927734
2911 29.472006 57.96027
2912 74.12671 53.326996
2913 15.03933 40.6522
2914 21.589472 67.37116
2915 19.818108 45.622585
2916 55.89666 88.43648
2917 91.07761 40.393906
2918 55.350174 50.049385
2919 81.25187 85.425385
2920 68.62248 88.64584
2921 91.21211 49.08249
2922 4.4032288 15.190479
2923 90.18153 83.90858
2924 23.499046 8.783333
2925 91.22139 78.8241
2926 20.62051 88.58871
2927 13.098068 94.59546
2928 22.521109 33.61588
2929 59.36942 35.596977
2930 76.37584 89.714676
2931 58.863174 37.136497
2932 93.86325 91.30903
2933 99.7222 69.14842
2934 24.99641 64.03332
2935 39.825867 69.11308
2936 28.13832 38.642048
2937 92.43691 70.14874
2938 37.33988 81.12834
2939 5.4146957 18.841433
2940 94.6194 26.69934
2941 2.6663284 64.23724
2942 58.671696 93.45541
2943 89.83705 6.679615
2944 43.70279 98.69472
2945 66.726 89.7946
2946 99.8535 45.59615
2947 29.174398 43.264732
2948 58.10457 50.442604
2949 45.481514 9.802517
2950 39.869793 86.127464
2951 35.795597 16.341831
2952 31.15774 84.13953
2953 8.329647 47.98041
2954 88.49247 56.26655
2955 38.51792 63.24244
2956 28.528658 81.14451
2957 10.715214 30.41847
2958 33.641354 4.9214973
2959 23.023287 65.66298
2960 65.445 44.081013
2961 92.61363 4.5242767
2962 86.981705 80.56832
2963 12.17445 56.794083
2964 20.424292 95.47299
2965 74.79232 66.23191
2966 35.518578 86.296265
2967 6.679352 45.90045
2968 86.93744 77.13745
2969 20.304657 96.3918
2970 48.52988 99.551315
2971 68.74176 85.12782
2972 9.702843 64.43827
2973 80.63509 62.818687
2974 99.69951 38.774868
2975 85.47478 6.292454
2976 32.88226 85.38609
2977 87.74907 88.442566
2978 12.767113 41.84609
2979 21.470097 68.70921
2980 48.939804 36.159527
2981 75.09576 77.23834
2982 48.22148 88.23085
2983 28.781153 80.37155
2984 6.3789444 30.723284
2985 99.807526 65.8802
2986 5.5591507 36.42971
2987 63.15499 62.737926
2988 36.52906 7.464813
2989 89.79727 99.90686
2990 40.20241 14.831261
2991 94.44732 41.515793
2992 49.41377 86.68025
2993 67.56177 15.302334
2994 86.00958 54.90652
2995 78.809746 34.93232
2996 2.2607117 25.018267
2997 56.578007 38.728172
2998 25.133068 65.80736
2999 12.435322 11.607983
3000 7.06649 54.3149
3001 17.320847 42.714146
3002 27.999796 66.03587
3003 43.494728 79.12589
3004 73.28902 6.4565125
3005 90.314224 34.64756
3006 38.879074 61.561714
3007 2.2452393 1.125042
3008 6.683033 40.972675
3009 21.263302 69.55638
3010 22.862394 57.41587
3011 95.62573 63.383015
3012 69.4939 26.712294
3013 84.08717 52.865273
3014 17.148777 94.33409
3015 7.584381 80.09695
3016 16.056156 48.869663
3017 58.59533 20.072157
3018 81.072395 67.272575
3019 75.99768 84.045334
3020 65.58142 96.347855
3021 87.144165 89.53852
3022 96.191536 41.178883
3023 21.025656 32.65074
3024 92.03056 14.641315
3025 74.86196 65.23895
3026 75.65033 6.3712997
3027 37.32782 96.01685
3028 26.485682 22.361738
3029 88.58203 24.430647
3030 62.879875 2.271576
3031 63.629066 24.07551
3032 77.987274 9.211071
3033 34.091705 70.21185
3034 92.00369 99.78821
3035 84.40254 33.09731
3036 24.721518 38.266846
3037 23.367088 34.56806
3038 44.33201 77.41794
3039 16.467339 89.0934
3040 46.3061 75.26195
3041 72.59204 27.104862
3042 10.717846 87.212006
3043 79.32513 84.156265
3044 98.03983 40.230644
3045 6.861862 62.450485
3046 20.331598 92.89978
3047 68.92501 34.05193
3048 7.3451385 48.46655
3049 42.548176 89.66692
3050 64.06968 51.37218
3051 11.251713 53.757824
3052 93.04228 85.10268
3053 30.906403 18.07566
3054 14.177387 10.384983
3055 99.72554 35.77702
3056 77.08078 73.60045
3057 49.979984 49.80149
3058 89.79404 67.82248
3059 28.939587 14.841137
3060 48.608055 54.884003
3061 10.96957 74.787674
3062 38.492767 81.56053
3063 98.089966 49.230873
3064 90.49806 94.339386
3065 52.13848 42.375763
3066 93.0164 96.94586
3067 97.85608 80.44665
3068 88.080444 6.623253
3069 52.552082 33.789513
3070 85.82129 95.8345
3071 5.240364 7.1946793
3072 65.10577 40.228283
3073 18.82165 59.97123
3074 49.0142 71.3581
3075 69.82627 24.355412
3076 1.5075569 77.91515
3077 88.259575 64.635414
3078 52.62012 23.451754
3079 6.9043694 91.34512
3080 9.521275 21.636831
3081 17.989513 61.538044
3082 26.83274 92.86461
3083 18.659073 15.12854
3084 60.88131 45.377743
3085 11.627571 47.872017
3086 58.41924 21.187521
3087 9.415882 94.26335
3088 2.8162384 63.504208
3089 48.711468 58.982986
3090 21.35075 78.373985
3091 76.59983 1.302494
3092 53.341167 69.535355
3093 52.0104 56.60329
3094 30.05893 54.906406
3095 43.58309 21.766785
3096 44.12364 68.0243
3097 60.02276 85.797195
3098 55.729725 49.18425
3099 8.333321 74.39996
3100 95.65275 72.06352
3101 75.29758 9.514046
3102 66.27501 21.86993
3103 67.73515 26.088743
3104 18.388058 82.05911
3105 96.25658 23.826937
3106 26.587452 32.45692
3107 81.70243 73.73536
3108 19.675873 61.341545
3109 18.220074 52.873646
3110 56.61927 17.528606
3111 2.0193787 38.502384
3112 61.846497 38.10228
3113 14.036922 67.78036
3114 22.462385 97.28499
3115 8.977306 46.22683
3116 39.473858 83.05684
3117 69.25609 19.476788
3118 70.52439 21.299671
3119 71.69829 67.91168
3120 65.17094 22.628391
3121 88.07399 67.61398
3122 57.001343 94.36941
3123 93.752625 21.042904
3124 72.12311 18.014305
3125 81.18514 55.06788
3126 44.11738 46.446102
3127 8.034805 66.929276
3128 23.479166 71.33711
3129 15.428452 41.497257
3130 93.49078 11.627518
3131 2.827179 98.44797
3132 12.163368 75.46727
3133 83.49549 87.49194
3134 33.344677 68.760124
3135 39.770164 9.806297
3136 3.6200447 65.44052
3137 51.823654 84.8378
3138 11.223152 97.657745
3139 57.038956 16.060902
3140 76.41258 83.75708
3141 8.363804 52.170147
3142 96.145645 44.483013
3143 49.09375 29.131786
3144 95.91689 76.552574
3145 39.299904 52.094063
3146 3.1143265 64.51265
3147 52.05051 19.2036
3148 59.869175 35.584297
3149 40.050137 4.7581863
3150 5.396614 58.95533
3151 33.13667 32.11268
3152 90.64282 14.797512
3153 46.435837 41.240463
3154 77.377625 20.169533
3155 86.192184 10.047825
3156 15.947865 86.103226
3157 7.411457 7.1180763
3158 97.56937 98.73128
3159 41.20589 8.67543
3160 35.722458 98.69258
3161 72.70499 32.41706
3162 90.22901 5.4592934
3163 71.38839 67.16031
3164 90.84421 74.05079
3165 14.578701 26.327126
3166 10.568661 86.14996
3167 50.090164 68.47642
3168 32.920013 74.30257
3169 54.52518 60.77815
3170 5.6215553 76.88254
3171 17.88308 24.19774
3172 99.14717 68.55916
3173 46.52933 63.964596
3174 33.565956 57.676018
3175 30.810019 81.91052
3176 99.52829 67.104
3177 78.85087 5.7636414
3178 13.396858 86.80324
3179 98.803604 60.737198
3180 20.319271 75.29029
3181 41.78854 46.108807
3182 64.01543 45.93982
3183 15.705036 8.448574
3184 70.967766 4.5142403
3185 66.01523 32.719822
3186 19.256416 87.92738
3187 36.706783 73.51108
3188 42.726448 1.6050873
3189 49.85313 55.968018
3190 3.135666 48.85367
3191 16.245934 49.37273
3192 63.604156 34.754913
3193 94.23838 33.7417
3194 87.690056 47.866184
3195 96.18648 91.92376
3196 10.144379 33.91337
3197 61.739056 35.92733
3198 40.216335 24.341719
3199 57.147167 83.6281
3200 36.66652 58.63607
3201 8.742012 78.449356
3202 71.149124 28.701424
3203 82.12848 51.593426
3204 7.382469 16.42392
3205 74.27849 55.38721
3206 90.308655 76.5756
3207 67.62118 7.164585
3208 68.44368 41.92478
3209 22.388142 64.98419
3210 11.672527 48.503582
3211 76.81257 9.182583
3212 34.836823 50.597755
3213 37.99429 9.103012
3214 16.755436 58.8319
3215 96.79048 19.196146
3216 96.95346 71.95121
3217 65.2211 30.120556
3218 69.486725 97.11818
3219 85.17084 76.66137
3220 83.648346 66.73218
3221 67.29491 92.62399
3222 65.96441 41.482216
3223 27.328009 73.65417
3224 30.81703 65.47346
3225 82.97141 79.46224
3226 38.863686 48.33472
3227 63.66901 58.218723
3228 69.21472 95.344864
3229 21.898886 73.85266
3230 97.93153 41.448486
3231 58.000927 56.466454
3232 75.28799 17.709103
3233 65.411644 34.230446
3234 75.62077 42.62537
3235 70.99425 32.688053
3236 9.718403 32.403187
3237 62.28537 67.712265
3238 47.357548 41.30016
3239 28.770504 21.251934
3240 32.192207 69.85591
3241 88.3358 66.583626
3242 27.989697 66.48569
3243 90.08393 5.7563477
3244 90.635544 84.34644
3245 61.877666 62.586067
3246 12.43512 17.321465
3247 35.754845 87.90202
3248 14.616085 57.765057
3249 39.909866 44.641598
3250 50.872707 95.56702
3251 70.98654 81.51431
3252 23.15143 69.08225
3253 76.13356 34.04583
3254 11.25898 22.570059
3255 86.80382 88.080765
3256 99.290344 59.9001
3257 45.21779 99.23297
3258 20.67294 9.653061
3259 33.034023 35.142513
3260 83.34012 6.499195
3261 14.02578 15.121048
3262 47.283985 5.9742546
3263 31.698883 84.87981
3264 27.298954 65.74163
3265 72.447235 44.32575
3266 17.289467 22.789156
3267 83.44424 40.80503
3268 42.879395 47.03982
3269 75.02484 52.17043
3270 45.957123 60.8448
3271 98.65914 78.025314
3272 45.281696 50.30456
3273 25.3436 31.441387
3274 46.396664 90.14574
3275 87.41971 23.63386
3276 53.410576 60.20863
3277 48.80954 22.34108
3278 10.58643 26.610376
3279 76.383095 14.49025
3280 58.898804 54.094246
3281 93.76599 91.11304
3282 80.93896 2.563694
3283 61.86725 64.10501
3284 98.435135 20.73102
3285 36.23961 88.657196
3286 89.976364 17.662334
3287 93.42807 57.239647
3288 10.5311775 40.52991
3289 12.040928 42.625053
3290 10.290634 52.195503
3291 1.7341919 11.87508
3292 95.63748 65.73777
3293 6.208912 45.699635
3294 41.858765 66.4827
3295 28.339682 81.65684
3296 40.30307 92.640015
3297 3.0043144 37.60191
3298 7.223213 20.985746
3299 20.210299 86.95759
3300 35.817165 9.79752
3301 43.739124 12.334011
3302 10.67725 55.696266
3303 99.75292 50.470074
3304 41.839836 29.409904
3305 80.42192 60.327866
3306 53.436794 46.775345
3307 48.299206 42.996124
3308 7.846222 36.559868
3309 85.0912 16.557121
3310 70.56141 98.45973
3311 19.066551 89.62892
3312 88.031395 91.842285
3313 21.132256 63.315228
3314 65.427925 27.267616
3315 70.79429 4.389
3316 96.98999 5.5360107
3317 12.644642 53.511814
3318 36.747406 35.639812
3319 62.971382 9.865013
3320 33.706818 25.89946
3321 27.833881 13.316807
3322 23.146063 18.008091
3323 51.10912 4.6781616
3324 69.37769 1.049942
3325 51.961155 53.175293
3326 59.23194 3.4775162
3327 84.30725 62.349754
3328 35.665157 58.22236
3329 55.001816 4.7686234
3330 18.118557 16.609238
3331 23.86895 65.2719
3332 99.008446 38.902225
3333 19.733412 38.51672
3334 22.373909 81.95018
3335 75.96992 90.07843
3336 22.490345 98.77788
3337 63.309837 11.165749
3338 71.615585 79.72946
3339 14.067455 44.55405
3340 28.318764 46.414566
3341 35.416267 33.856396
3342 68.24164 77.138374
3343 19.197954 81.61195
3344 86.16086 53.951233
3345 66.36204 39.723236
3346 18.109673 15.908642
3347 85.27275 80.04707
3348 50.842148 73.291214
3349 29.02032 40.83554
3350 86.38667 93.44191
3351 43.33647 16.957443
3352 70.575226 8.539173
3353 31.26869 41.149788
3354 47.99624 67.33498
3355 38.02987 49.960617
3356 85.214554 18.600445
3357 48.544865 28.382483
3358 83.00242 49.837666
3359 89.92061 89.89986
3360 47.70955 76.149155
3361 10.533321 51.97517
3362 25.3467 73.33443
3363 92.73747 57.74688
3364 10.884579 63.163574
3365 85.26599 64.36204
3366 26.15657 58.887077
3367 78.6328 95.18626
3368 15.899418 19.853832
3369 65.65321 40.567825
3370 70.963066 12.10466
3371 56.947086 37.881516
3372 83.710205 76.89478
3373 22.442259 36.13467
3374 89.00176 27.410364
3375 17.034885 93.57535
3376 67.20758 24.33773
3377 81.02084 84.11154
3378 33.297676 95.063095
3379 54.24934 65.287186
3380 74.80817 76.12631
3381 23.03397 38.760395
3382 80.88628 57.534645
3383 91.77413 85.48841
3384 55.784515 51.23506
3385 37.50714 96.404976
3386 4.74395 64.89246
3387 37.95665 10.399982
3388 2.8103676 53.29566
3389 61.02027 44.884098
3390 36.75247 80.47804
3391 50.9793 57.727806
3392 37.64193 77.67217
3393 7.4558105 92.02445
3394 32.616436 57.73637
3395 20.859852 42.833965
3396 46.29402 5.221592
3397 18.06298 32.486862
3398 8.982471 54.432297
3399 46.32935 13.208363
3400 65.03695 51.57392
3401 28.155336 55.38761
3402 99.66546 80.67512
3403 82.63259 23.690414
3404 76.13499 44.47702
3405 97.90742 73.90469
3406 47.329964 27.45421
3407 65.26379 48.210587
3408 48.675983 68.85916
3409 54.10441 45.719757
3410 87.90039 12.458286
3411 5.8549156 90.35702
3412 62.41693 96.537506
3413 2.226818 23.093348
3414 98.25033 54.894264
3415 66.66375 63.114117
3416 45.91058 58.284313
3417 3.3517952 61.76384
3418 4.77372 77.17638
3419 91.98537 93.49597
3420 15.38084 37.155045
3421 85.967575 6.7195396
3422 7.7140236 43.338745
3423 40.65322 22.494108
3424 25.473839 58.315342
3425 43.396584 7.7352753
3426 64.825096 11.5616455
3427 78.5979 59.12458
3428 99.63258 34.008484
3429 47.89965 42.267998
3430 26.416883 12.722504
3431 71.755905 90.08837
3432 95.1736 77.793
3433 18.664082 22.039076
3434 79.71211 4.17313
3435 61.305023 65.86144
3436 54.05 48.37619
3437 6.974434 73.45554
3438 56.07451 97.431046
3439 62.27884 82.47376
3440 85.33041 58.04972
3441 21.617212 50.347313
3442 33.54825 37.91568
3443 51.730236 50.195847
3444 24.306068 90.386894
3445 81.92598 50.269302
3446 37.565094 65.432884
3447 44.94593 30.325985
3448 13.291126 86.036026
3449 45.12291 36.27069
3450 44.579243 49.83401
3451 64.75505 39.797985
3452 3.318859 21.632633
3453 97.945335 73.49448
3454 83.21399 67.37375
3455 91.62268 43.936462
3456 90.61093 46.409077
3457 58.41443 42.37019
3458 59.79558 11.532402
3459 67.06967 97.432846
3460 51.5358 7.8413925
3461 5.298893 6.825882
3462 21.462294 64.50763
3463 11.069386 71.481445
3464 68.1903 12.746319
3465 72.755875 51.877144
3466 21.599506 45.038425
3467 4.4554825 39.45221
3468 56.204174 51.696545
3469 49.22468 22.286201
3470 91.938934 83.75525
3471 23.279926 43.645596
3472 26.477842 82.751144
3473 28.097633 89.73009
3474 65.15119 18.654585
3475 24.337872 97.69363
3476 54.15184 82.16094
3477 40.424835 26.056147
3478 15.644943 75.0925
3479 47.142673 27.738176
3480 55.32623 84.29897
3481 41.905304 67.03925
3482 37.424324 89.03357
3483 78.75089 51.44412
3484 71.834984 90.67576
3485 50.776897 51.112045
3486 2.377102 52.33152
3487 33.851913 56.33774
3488 28.86854 57.936275
3489 71.17851 36.925735
3490 2.398819 71.20115
3491 33.745728 58.78473
3492 40.546036 57.118637
3493 84.50908 26.064842
3494 60.895275 26.654161
3495 91.476555 72.066734
3496 42.57388 79.96654
3497 14.638798 77.406235
3498 10.471058 48.851765
3499 17.021004 64.69382
3500 71.39911 32.629345
3501 63.24092 61.678432
3502 81.37462 79.9263
3503 7.0760193 36.999252
3504 84.99502 2.5432358
3505 70.20976 84.389694
3506 3.5227814 92.644714
3507 54.5685 67.655136
3508 40.6363 75.81809
3509 12.552689 70.34903
3510 55.742523 7.6268234
3511 20.695686 82.538284
3512 40.93109 40.099686
3513 7.8326683 11.739075
3514 2.6800537 36.872112
3515 61.86839 94.42825
3516 52.658882 79.87027
3517 37.30269 69.31396
3518 77.65721 95.564514
3519 7.4156 89.52336
3520 53.393185 24.608482
3521 30.630531 39.043537
3522 78.03898 18.843191
3523 15.34148 44.44395
3524 51.912533 83.04044
3525 94.15903 57.08308
3526 89.49693 53.42194
3527 43.046574 83.190216
3528 43.16415 68.28524
3529 40.43113 94.43601
3530 30.963432 73.36047
3531 23.217478 63.260277
3532 42.56438 18.726473
3533 6.3202667 55.913383
3534 42.899544 10.223679
3535 51.767002 46.960304
3536 73.47046 52.22035
3537 26.567183 19.792404
3538 50.111107 25.503056
3539 58.62678 38.12463
3540 14.024834 87.72227
3541 70.720825 49.74897
3542 41.974396 25.61772
3543 63.25002 70.28024
3544 13.427635 60.737957
3545 86.8721 77.26864
3546 49.46118 17.806995
3547 48.546967 16.705967
3548 77.362885 15.127129
3549 82.38232 27.903505
3550 11.334938 70.746796
3551 73.962364 97.56694
3552 88.50508 3.264511
3553 42.177895 57.97566
3554 22.790695 97.660065
3555 22.604122 84.10608
3556 1.311161 48.236885
3557 33.41284 97.58714
3558 50.49405 3.6496468
3559 28.639912 3.7393723
3560 46.405224 19.216728
3561 29.161823 87.413086
3562 70.30578 60.54597
3563 85.70116 72.727036
3564 82.7219 59.21291
3565 93.571205 26.568686
3566 81.20805 17.642109
3567 7.1549377 97.71367
3568 76.90128 47.562485
3569 59.25121 18.164806
3570 34.5064 34.422073
3571 56.162777 61.446774
3572 69.90164 5.488842
3573 37.25087 77.44043
3574 89.27265 36.150085
3575 66.350105 76.43266
3576 95.04071 55.177475
3577 33.18322 59.02703
3578 72.04477 79.29365
3579 50.653744 51.358322
3580 95.99657 77.11963
3581 5.8348083 99.54256
3582 55.96974 37.659943
3583 79.526855 9.497608
3584 37.9589 50.27148
3585 22.603498 40.521404
3586 23.547623 49.98981
3587 32.54238 70.97058
3588 41.172935 17.157768
3589 1.4250374 78.66933
3590 85.96568 54.56849
3591 67.416595 21.118969
3592 67.64013 75.09981
3593 15.915684 2.9047432
3594 17.677189 46.63378
3595 43.553722 39.85022
3596 53.25775 48.83334
3597 31.30866 33.728638
3598 52.35059 72.921936
3599 82.699554 66.45354
3600 67.53131 67.37411
3601 46.59784 5.90324
3602 26.993881 88.85438
3603 89.85454 20.049335
3604 17.876549 51.541164
3605 3.9587784 22.868353
3606 53.107727 84.63009
3607 6.812496 61.40972
3608 44.345444 77.9937
3609 84.695694 72.5246
3610 20.698345 15.682438
3611 74.614746 41.425804
3612 61.184177 18.54972
3613 61.84407 99.67113
3614 92.12345 16.040806
3615 27.321754 85.90553
3616 29.91514 73.22607
3617 75.45698 87.01261
3618 19.46805 7.8186874
3619 56.57019 97.198425
3620 48.413788 68.7944
3621 26.347717 28.928911
3622 39.806282 16.615196
3623 94.362015 66.22485
3624 64.19463 43.713352
3625 76.125084 63.691956
3626 61.21652 1.2286606
3627 66.70756 99.78902
3628 97.08989 31.594667
3629 40.064407 22.2088
3630 80.438614 92.01117
3631 69.72456 76.6177
3632 80.115555 25.876642
3633 6.700512 16.309444
3634 12.8503685 4.602886
3635 46.464893 29.49186
3636 73.06233 5.4004784
3637 30.39533 40.127865
3638 21.101686 3.99234
3639 17.766953 50.609444
3640 57.411156 63.279106
3641 63.37932 5.4066315
3642 11.271847 1.6103363
3643 9.83913 85.32004
3644 10.633568 56.838524
3645 44.070072 66.28657
3646 50.23065 28.23712
3647 64.712715 50.5281
3648 42.1775 72.72434
3649 87.46191 73.59508
3650 30.664719 42.051636
3651 37.304676 91.46004
3652 24.218302 48.58261
3653 54.95502 65.779655
3654 77.105515 9.3680725
3655 95.27958 53.133602
3656 31.757895 31.775444
3657 21.084255 21.725243
3658 85.30286 1.5593491
3659 52.939163 99.18028
3660 36.749325 50.180424
3661 31.205414 38.443047
3662 16.085236 34.831184
3663 38.425446 66.28157
3664 65.16175 70.861855
3665 31.917137 16.883503
3666 16.536606 30.502415
3667 71.453 99.05734
3668 41.52222 37.72614
3669 37.13386 67.277115
3670 79.346924 96.675415
3671 80.22827 61.153847
3672 91.81853 50.597546
3673 62.601383 53.81498
3674 7.516327 56.02771
3675 49.03528 43.9691
3676 48.000637 60.52239
3677 76.89203 59.84507
3678 68.155426 25.63966
3679 91.271484 21.901672
3680 32.864353 4.745861
3681 97.345116 41.439857
3682 39.932247 78.93267
3683 42.97339 98.694885
3684 91.07124 38.88333
3685 40.235874 90.05859
3686 34.6497 82.26861
3687 89.74303 45.594673
3688 39.546013 54.00865
3689 41.410217 24.186115
3690 71.29971 85.260635
3691 74.40196 50.271313
3692 21.445934 57.280712
3693 67.579666 27.804878
3694 57.677547 43.46795
3695 40.025787 84.924904
3696 88.43608 57.451534
3697 22.094736 80.13377
3698 67.02559 37.193794
3699 96.903564 22.881214
3700 8.433865 23.427357
3701 5.8202553 63.545784
3702 90.49948 25.364515
3703 66.08052 57.43396
3704 95.55966 83.86935
3705 3.927845 42.284843
3706 55.70967 36.81964
3707 30.726984 6.814766
3708 46.75075 34.372654
3709 87.6783 22.902172
3710 46.41351 7.5112343
3711 83.53873 30.965055
3712 36.182137 21.225359
3713 73.21637 39.704704
3714 20.351185 14.135834
3715 55.95352 46.59066
3716 36.85259 94.28058
3717 76.82518 41.30742
3718 16.3031 49.12573
3719 26.330772 28.415798
3720 46.661354 42.273933
3721 98.85512 20.57952
3722 37.96701 79.63255
3723 45.646408 63.34074
3724 79.45123 35.960567
3725 23.993914 45.73189
3726 6.8552322 84.146095
3727 68.25198 12.010414
3728 46.32595 9.729271
3729 38.521065 51.675365
3730 59.392582 66.78336
3731 18.063412 68.55585
3732 58.80174 13.549847
3733 60.208454 97.72699
3734 11.31625 25.173044
3735 54.462788 23.132677
3736 98.457405 14.348049
3737 94.05652 95.611435
3738 18.00927 3.4444962
3739 18.444496 38.18082
3740 60.19594 69.6954
3741 99.42853 31.571758
3742 97.63768 80.08469
3743 30.014248 55.002537
3744 53.02077 92.13837
3745 65.1917 41.680283
3746 46.79574 45.81703
3747 98.022514 46.417793
3748 96.29083 90.050156
3749 28.996162 93.51271
3750 76.39125 54.870495
3751 61.926704 25.79756
3752 6.1290855 75.0255
3753 46.953484 30.247433
3754 15.360424 6.8886566
3755 75.523026 21.499676
3756 35.334503 2.966236
3757 52.50662 37.170364
3758 62.04963 16.827423
3759 78.26837 76.08078
3760 56.771763 41.93703
3761 66.566696 3.9931679
3762 86.607025 32.39422
3763 89.60809 75.56061
3764 85.75662 8.479847
3765 62.726234 68.68686
3766 82.7791 88.12465
3767 73.857254 6.282215
3768 3.1841278 91.85568
3769 39.19086 82.70798
3770 53.589096 68.1013
3771 64.70578 33.21734
3772 51.23839 73.11128
3773 91.93292 25.95468
3774 97.94145 78.53151
3775 34.828365 12.981331
3776 1.0654984 6.546093
3777 89.44107 92.06804
3778 90.54509 92.9071
3779 13.562946 21.307558
3780 33.957367 75.450714
3781 88.02734 17.114079
3782 7.7874947 26.651981
3783 72.817924 93.894
3784 14.495487 67.629555
3785 84.5689 19.915636
3786 49.013405 90.17892
3787 93.10216 72.42054
3788 99.507065 17.576847
3789 33.875782 14.492489
3790 50.91321 52.5224
3791 41.221985 92.59241
3792 57.7108 53.654827
3793 47.79482 22.180109
3794 26.251192 67.019966
3795 71.7662 1.1636543
3796 98.67456 21.920412
3797 96.006905 74.92585
3798 54.918404 2.6103935
3799 44.629707 33.834892
3800 24.510881 9.640011
3801 42.75232 36.293724
3802 73.49954 30.906006
3803 33.22912 68.32928
3804 73.9326 21.56167
3805 29.18996 33.896122
3806 48.145958 27.25183
3807 68.092064 87.96788
3808 6.1809616 57.685123
3809 58.99168 18.418304
3810 58.7806 51.622005
3811 24.397034 15.389992
3812 4.5564346 67.486084
3813 85.99098 91.20885
3814 44.763626 59.924168
3815 67.17865 61.20827
3816 10.266945 79.88457
3817 40.539284 16.663952
3818 19.687283 60.425793
3819 54.891262 8.619949
3820 66.24326 29.620085
3821 54.688236 37.056755
3822 73.9805 53.613594
3823 67.28432 52.94608
3824 35.70771 10.507645
3825 54.145554 15.260387
3826 31.929543 89.14546
3827 30.210812 13.690247
3828 92.46222 15.645157
3829 59.42229 67.30486
3830 94.83854 97.932205
3831 29.775364 49.573425
3832 59.307163 74.683014
3833 62.578804 75.76848
3834 68.862656 68.469795
3835 82.02826 64.58694
3836 98.393715 92.63097
3837 6.575001 82.89436
3838 33.611404 69.503654
3839 58.2689 49.32917
3840 2.8261375 6.89748
3841 58.539997 44.750862
3842 53.75226 9.469036
3843 35.257027 19.525755
3844 44.998764 73.25659
3845 44.456833 3.0599556
3846 5.1922913 93.36035
3847 52.959225 17.930794
3848 22.224586 17.576199
3849 54.414738 7.2033157
3850 42.8528 70.133606
3851 91.76521 49.325413
3852 62.53153 59.00361
3853 17.328083 23.942371
3854 76.33486 8.490326
3855 34.819016 56.664436
3856 11.632877 40.504707
3857 28.409765 74.76135
3858 80.21683 96.827065
3859 87.522064 47.57725
3860 46.29892 74.668724
3861 46.441566 74.89142
3862 90.18045 47.760838
3863 73.18558 32.26387
3864 1.9513855 64.21046
3865 16.552689 83.52684
3866 11.624084 5.4102287
3867 58.32044 89.10026
3868 18.721386 66.26233
3869 65.28429 72.305504
3870 26.470669 43.1733
3871 43.829422 15.184887
3872 68.916954 23.512081
3873 11.869671 80.16418
3874 13.264561 68.7286
3875 38.839443 94.049194
3876 95.20087 30.73312
3877 41.345314 78.59871
3878 81.88823 46.54763
3879 4.939823 59.939198
3880 61.13576 76.92416
3881 52.85877 49.03665
3882 69.22167 96.011566
3883 86.62352 94.46741
3884 6.0540886 11.697071
3885 48.5901 14.77129
3886 47.10892 47.890213
3887 85.46771 5.217991
3888 3.5460358 96.64969
3889 69.43407 90.66666
3890 69.599915 22.822159
3891 15.4976845 18.801115
3892 44.378883 59.061653
3893 12.454872 89.50229
3894 29.742386 31.623707
3895 34.774277 2.108673
3896 21.450518 53.340748
3897 9.523808 51.963985
3898 86.91242 38.95404
3899 72.806274 74.74919
3900 56.046997 62.917007
3901 23.945068 68.674324
3902 16.347103 73.63651
3903 24.958054 24.209568
3904 77.06596 1.6079941
3905 65.75893 1.8702087
3906 92.701706 67.40499
3907 43.757156 88.005295
3908 46.317383 95.928635
3909 57.648983 34.422897
3910 69.57123 91.7383
3911 36.64322 81.950226
3912 27.815134 93.30518
3913 92.58682 89.178024
3914 51.309055 42.606808
3915 3.7995224 47.384174
3916 66.61722 25.616306
3917 48.258965 29.095343
3918 96.25484 5.6500244
3919 47.98958 89.32324
3920 36.448463 65.23305
3921 18.481812 94.21215
3922 16.948952 48.349308
3923 67.34792 36.731117
3924 54.962498 96.20778
3925 72.48952 27.52095
3926 81.494835 95.949814
3927 34.80759 46.402283
3928 90.55563 76.292404
3929 8.69659 56.988777
3930 71.373795 82.663895
3931 8.208851 13.8627205
3932 54.115215 34.180054
3933 26.832039 1.2389984
3934 62.893124 86.94974
3935 12.190338 60.15547
3936 80.52352 72.65041
3937 49.98614 26.978148
3938 83.00214 61.52137
3939 47.423176 22.965818
3940 84.63306 20.706034
3941 72.85788 9.647381
3942 95.907166 33.49028
3943 93.54628 30.113594
3944 78.756294 63.50598
3945 7.4518433 46.68807
3946 36.581905 98.72388
3947 76.9471 68.16703
3948 43.50082 25.175434
3949 74.98528 33.68318
3950 12.04369 24.990692
3951 29.624125 80.10868
3952 31.198736 30.492825
3953 70.73323 79.51752
3954 17.654243 12.2677
3955 80.00476 10.426529
3956 51.778893 44.49723
3957 81.99535 34.945145
3958 95.445816 10.602531
3959 1.4605942 20.538969
3960 37.08313 21.306473
3961 21.34158 97.60347
3962 92.460686 24.856863
3963 90.65117 22.400928
3964 26.007658 40.71075
3965 74.60322 12.599354
3966 40.69255 55.206436
3967 90.14876 26.474504
3968 83.56179 18.090721
3969 91.41007 15.4533615
3970 34.68977 81.94374
3971 67.377396 75.77097
3972 21.437157 75.694084
3973 48.44836 82.657036
3974 34.933544 80.87459
3975 50.520622 77.754425
3976 81.75538 53.79841
3977 90.608154 72.45999
3978 99.21947 81.364395
3979 6.436844 64.6825
3980 82.96147 95.69296
3981 99.558655 40.170998
3982 27.981304 30.503006
3983 82.800095 27.420238
3984 15.270405 19.626099
3985 92.78971 4.953533
3986 54.903183 16.002384
3987 24.462395 46.696304
3988 33.644394 97.81066
3989 51.275692 19.62381
3990 90.62004 82.01041
3991 83.216835 49.209167
3992 82.99966 63.240448
3993 48.632935 52.094944
3994 71.8945 54.875412
3995 64.718994 61.05376
3996 60.95961 12.392075
3997 51.23643 1.4538269
3998 31.639866 91.44162
3999 81.67616 62.132874
4000 18.987373 39.32858
