50
1 58.367313 49.845142
2 4.9986916 71.910095
3 2.889904 32.892937
4 25.047544 92.766846
5 52.341507 15.540218
6 86.526276 74.59111
7 34.619003 79.55949
8 29.557903 34.30271
9 61.89346 56.638443
10 47.899826 26.759846
11 32.825077 14.858555
12 10.989517 16.065632
13 61.453354 95.259445
14 3.6737137 66.3198
15 67.9578 4.141342
16 57.99923 41.00732
17 13.762161 64.72729
18 18.266148 49.279087
19 47.702213 53.174877
20 1.4502068 76.93118
21 53.74043 97.8743
22 52.34721 25.377993
23 54.60061 20.529615
24 95.41951 59.211964
25 25.461655 51.61238
26 29.960798 81.18701
27 58.23748 36.120308
28 15.982647 78.735306
29 47.618317 23.986874
30 5.673462 2.6764145
31 32.368355 40.94758
32 71.96077 50.862915
33 52.685894 85.36278
34 8.481071 29.978878
35 15.232086 23.35114
36 63.24576 4.685177
37 88.370865 31.414965
38 93.75914 22.47839
39 80.73883 49.378597
40 77.344925 58.74904
41 95.63696 97.6637
42 25.90111 34.975845
43 58.32814 30.490086
44 9.302235 20.283768
45 44.56877 18.123474
46 46.023117 60.62051
47 13.720707 30.595537
48 61.376774 82.3884
49 46.355747 70.600365
50 77.40262 12.947159
