60
1 25.041431 2.3158302
2 86.549355 96.492485
3 76.48862 19.202742
4 85.17262 99.67162
5 51.316227 88.94315
6 57.058235 4.477272
7 18.07602 73.7926
8 43.978073 93.40668
9 98.15722 33.180347
10 21.53127 40.91906
11 84.59771 55.659004
12 6.1388702 27.209642
13 72.54627 90.91484
14 29.242435 47.821594
15 54.63079 10.113396
16 3.9796486 60.344246
17 10.364342 47.30694
18 81.7816 24.366709
19 78.33358 81.7459
20 93.73424 74.75209
21 78.78984 85.28162
22 48.411236 37.64039
23 16.260525 77.620285
24 61.516857 32.74166
25 69.00637 51.822544
26 2.854435 96.36902
27 4.1180573 10.009449
28 55.605488 70.263664
29 85.910675 72.11565
30 47.82863 59.97627
31 16.835758 13.037422
32 8.027786 58.983185
33 98.98773 48.67099
34 62.369556 3.9174957
35 67.03058 88.42056
36 88.59949 44.897724
37 36.25671 72.05364
38 99.49231 47.634304
39 15.606106 96.1218
40 43.473526 54.955746
41 25.335907 50.98239
42 59.544098 96.21132
43 49.0547 31.567915
44 63.6325 57.720528
45 89.34108 8.397442
46 41.99135 62.786674
47 89.05499 21.810825
48 61.45142 75.47365
49 90.95091 99.715515
50 15.913506 37.652924
51 78.56932 27.93035
52 35.768085 58.17835
53 85.383675 28.55938
54 27.606611 54.370476
55 22.454393 84.32988
56 24.011497 9.849545
57 48.648632 81.9447
58 58.415905 77.511
59 33.00518 73.52869
60 73.041855 63.565605
