600
1 75.5778 79.03744
2 25.923782 54.982048
3 50.374672 34.514175
4 98.536255 58.641518
5 30.94332 84.43005
6 53.810375 46.025475
7 93.47651 24.281876
8 63.337883 54.915974
9 58.19687 53.474964
10 11.669937 48.284184
11 82.73201 21.42715
12 29.908585 9.483795
13 82.36718 26.932198
14 38.121677 41.19502
15 31.214582 73.80559
16 36.24686 50.873455
17 22.407679 3.4453278
18 24.565916 8.82777
19 11.386993 63.92214
20 25.138765 34.217163
21 14.483658 61.69489
22 53.91237 29.812399
23 52.75729 76.00656
24 38.09137 51.0826
25 2.0493813 30.83768
26 95.37155 57.708504
27 81.86568 46.68546
28 2.2925262 45.03624
29 11.738079 70.180305
30 4.7407074 6.701248
31 56.095734 71.159775
32 26.54594 7.1698723
33 24.537033 6.0249596
34 59.357746 23.902716
35 1.8885231 42.23542
36 28.352837 17.470966
37 34.634136 34.085114
38 35.100437 64.448715
39 95.80481 94.56688
40 20.36282 18.222801
41 14.353283 16.4963
42 14.547359 44.032032
43 94.816475 65.45973
44 91.80173 14.38546
45 21.553488 18.371716
46 71.66481 6.747078
47 10.654667 48.904804
48 62.888103 93.02438
49 31.763412 52.04032
50 23.815453 91.25581
51 57.653046 7.6309166
52 50.34828 23.117231
53 5.583637 51.943058
54 95.527725 18.960766
55 7.3228226 84.689606
56 58.593163 76.29213
57 12.992271 7.0091324
58 93.302704 56.80578
59 40.917114 5.5014534
60 86.461655 75.65254
61 75.5159 20.514904
62 55.36447 16.120388
63 91.47234 72.671455
64 98.483055 64.3667
65 89.47014 6.6201553
66 34.198837 22.649641
67 23.744894 44.206604
68 91.15639 77.585495
69 87.62891 71.40238
70 83.74502 68.61912
71 65.52112 61.343903
72 7.124462 85.72483
73 99.53328 71.45297
74 80.84945 34.036934
75 31.068369 90.8649
76 14.5423355 41.82803
77 83.6407 43.22659
78 91.77536 81.07652
79 90.449066 10.705032
80 71.111824 91.13513
81 88.39035 89.91446
82 48.49998 82.97977
83 81.56343 10.978306
84 74.88487 52.41519
85 71.40508 10.112537
86 51.040886 96.094696
87 27.633017 60.90921
88 69.92381 21.786175
89 66.96459 78.28921
90 3.277771 89.837494
91 2.2206573 93.411934
92 20.797922 14.842903
93 41.10447 15.598946
94 14.036663 96.43219
95 29.070698 31.779331
96 26.526903 86.933235
97 71.9026 46.2902
98 86.31997 47.29298
99 93.67415 77.7888
100 27.249615 5.7150536
101 55.888138 27.400343
102 35.387245 24.159666
103 34.79441 51.28153
104 83.51213 28.772408
105 98.97119 83.88736
106 78.62412 90.096664
107 22.532013 77.41312
108 80.36424 53.33846
109 70.461975 5.628254
110 25.415558 40.583694
111 46.651146 69.76645
112 65.283615 61.466133
113 19.388796 46.66643
114 32.227905 37.53013
115 48.87894 13.463703
116 78.10075 29.69078
117 55.717125 83.41115
118 32.19686 86.02771
119 58.544365 89.258286
120 35.093742 73.228355
121 17.113388 55.806522
122 57.143208 82.33342
123 2.604313 64.05337
124 36.553707 63.472527
125 4.21817 43.16826
126 28.711168 25.336504
127 30.602156 67.046295
128 69.93992 48.41056
129 57.226055 36.131054
130 61.837746 54.451054
131 63.969795 91.014946
132 29.264475 93.06746
133 10.438087 88.753006
134 77.439095 91.4857
135 22.296843 1.8117676
136 49.499866 93.44816
137 18.292915 80.89775
138 30.951035 87.913345
139 66.39047 84.41182
140 90.59984 81.41774
141 67.29303 81.835335
142 23.740686 38.319496
143 12.02179 42.20302
144 70.14599 47.7125
145 76.58715 90.21118
146 88.67372 45.398125
147 54.91922 94.53731
148 54.003532 34.88246
149 8.27449 24.728037
150 38.712288 30.372358
151 71.763214 83.65652
152 90.38103 2.3822517
153 15.052132 60.652245
154 86.32672 40.090748
155 70.57264 6.180031
156 4.1609 30.70702
157 29.944384 19.355406
158 91.78825 8.946781
159 54.81154 4.7719193
160 22.057802 27.603432
161 23.767256 80.55034
162 26.026876 85.75426
163 33.925926 81.55454
164 41.56608 38.196976
165 43.44218 1.1958923
166 77.17786 9.931042
167 83.28795 28.65523
168 60.604275 40.897446
169 35.891205 70.82925
170 97.32174 74.57072
171 78.56095 29.221369
172 24.665083 27.407982
173 88.64385 86.75678
174 15.741177 15.9424515
175 35.010483 44.717213
176 52.104595 11.987881
177 86.92255 60.726757
178 84.1309 44.020386
179 71.488434 21.476597
180 98.07608 4.970104
181 73.63381 35.638317
182 23.491829 73.39791
183 16.264275 29.59973
184 82.56608 94.48278
185 92.10949 89.60552
186 55.714325 84.65307
187 75.96301 41.12976
188 44.92007 81.16876
189 40.624268 35.729164
190 26.325647 96.98801
191 74.03579 9.225239
192 46.903645 25.774746
193 69.52854 49.472485
194 58.262463 15.950047
195 65.63028 43.59341
196 44.470512 82.41798
197 1.601677 12.001644
198 37.2183 37.865463
199 86.45837 37.17892
200 99.87424 8.548943
201 43.719852 50.250965
202 40.695423 47.63478
203 43.850212 59.991898
204 32.392387 27.027336
205 20.860199 89.68431
206 94.30362 49.014763
207 30.167576 46.223564
208 40.780746 39.995716
209 77.71605 11.019764
210 16.084148 78.34995
211 98.84955 2.1894264
212 54.218605 81.43744
213 90.08714 88.17569
214 22.07627 61.453423
215 87.014435 18.94568
216 94.469604 47.29067
217 34.005592 33.108383
218 56.212547 34.367485
219 27.846306 12.404789
220 25.515127 46.472042
221 14.438198 94.244995
222 78.50752 9.095192
223 58.915836 25.09125
224 25.566912 61.076782
225 81.43002 13.228344
226 34.411625 65.95914
227 41.094875 75.87354
228 47.52446 64.14482
229 81.44511 85.455414
230 76.60531 26.233713
231 95.21156 17.686829
232 30.974161 6.371746
233 74.85461 43.175735
234 35.220406 79.5072
235 51.23426 71.90852
236 31.85453 84.6717
237 69.79532 40.081543
238 84.45209 26.747423
239 79.64036 26.936417
240 38.69124 25.725208
241 45.883858 60.252926
242 36.31465 21.252394
243 68.449104 12.614685
244 85.474304 70.54926
245 66.16223 67.54046
246 41.796574 3.0050545
247 95.480865 53.6802
248 79.76114 41.324226
249 49.083275 16.92118
250 82.83238 92.36393
251 13.789116 24.634726
252 49.429073 61.946476
253 76.63315 35.55803
254 97.8253 41.69268
255 23.156204 84.82848
256 26.745087 93.58085
257 35.57491 18.153366
258 78.86992 2.8685646
259 38.836445 61.515656
260 68.922455 75.516266
261 67.71057 62.048096
262 36.50669 91.12531
263 41.39627 54.936077
264 46.436394 32.891167
265 89.84065 23.377302
266 29.871387 72.757385
267 90.19185 41.715424
268 10.268787 5.83762
269 14.629902 10.790844
270 63.239765 21.497507
271 27.099255 70.05342
272 41.00334 44.49585
273 58.770554 3.4997177
274 44.889935 16.307652
275 24.000336 88.02241
276 57.046944 34.768185
277 87.31331 99.56624
278 68.43068 83.27228
279 94.37089 84.87977
280 5.6100273 86.376595
281 68.68851 58.819477
282 63.537685 82.22812
283 60.563828 73.111115
284 42.341503 62.42379
285 82.78312 73.7452
286 53.52377 27.810228
287 73.72327 2.2956047
288 35.15142 67.72263
289 53.188763 30.535707
290 91.23924 56.717686
291 54.512432 37.148613
292 65.52009 45.487915
293 34.91205 48.165268
294 91.44568 90.87808
295 22.239912 40.925278
296 38.542496 92.147934
297 42.93897 45.38158
298 78.00244 90.42218
299 41.60424 16.848846
300 67.44844 30.45662
301 19.82082 65.224785
302 85.06929 14.761185
303 60.572296 51.86503
304 98.29643 74.99927
305 37.49756 70.54095
306 14.532974 71.94398
307 36.961662 50.357883
308 31.364872 63.78964
309 19.011318 73.94327
310 16.986652 90.74596
311 39.642334 35.45894
312 27.531128 7.5490723
313 54.15304 66.83731
314 46.217575 46.108692
315 27.785322 21.478996
316 44.98457 79.49687
317 75.686966 6.774948
318 32.462265 16.410908
319 4.2741203 51.125423
320 9.3649025 26.167326
321 83.49568 13.201714
322 48.48434 27.998283
323 71.16793 47.165165
324 70.807076 30.207214
325 20.053856 21.248898
326 25.604149 2.0475426
327 30.086182 35.05364
328 4.0952644 58.716736
329 35.160866 31.897472
330 81.70328 16.107365
331 52.384125 70.205635
332 14.288136 14.412529
333 56.353878 67.66369
334 62.738884 5.0068436
335 14.998665 2.7053146
336 73.09111 58.157936
337 90.25794 25.524986
338 37.871315 62.91632
339 2.5955276 81.22462
340 90.216835 47.058704
341 77.11905 51.20742
342 72.78296 83.343094
343 96.32771 42.888855
344 92.23756 6.969879
345 46.340797 9.44096
346 1.3835678 37.571167
347 24.085508 8.382694
348 10.4277725 96.096565
349 65.26546 93.19714
350 78.76437 25.180302
351 70.18401 36.06885
352 55.92411 16.887817
353 32.559334 64.791626
354 49.0793 14.693882
355 95.485466 45.644085
356 97.818306 98.82663
357 13.9417 3.904091
358 71.02988 33.67485
359 39.591316 21.531103
360 76.57152 73.41547
361 2.6043053 70.619125
362 52.426426 49.049862
363 43.990917 18.525524
364 92.88547 49.743446
365 29.974588 98.022675
366 32.559517 18.294785
367 41.98873 48.626
368 48.989845 91.46878
369 75.52494 60.4929
370 29.74141 81.751305
371 48.60943 39.721523
372 5.3398895 86.15795
373 39.132927 90.32631
374 27.068813 65.3337
375 54.180584 34.806423
376 22.513916 34.250793
377 63.190273 38.613213
378 57.46238 62.938797
379 65.85939 53.196163
380 76.02071 39.635044
381 32.35829 78.29468
382 65.35817 96.068375
383 57.01308 9.412716
384 75.294266 55.91447
385 39.38846 23.120594
386 41.07927 87.58783
387 64.61307 84.67909
388 1.7334595 74.62557
389 62.895554 85.167816
390 16.367584 69.35523
391 29.914017 57.39533
392 74.75103 17.791607
393 96.62323 32.235825
394 79.07683 8.454758
395 72.63462 29.613811
396 79.15983 8.092407
397 10.546417 44.157852
398 27.586273 42.748207
399 2.0325584 58.785843
400 28.400665 48.815636
401 16.449062 59.26794
402 54.218616 57.932182
403 82.54932 21.749947
404 51.092854 53.815308
405 21.17396 39.549664
406 68.88255 78.24249
407 34.554657 80.156105
408 69.03885 4.6318665
409 14.306858 78.65674
410 12.285873 81.84679
411 39.96001 8.988316
412 54.261555 87.704384
413 58.66469 99.147705
414 46.45592 87.69783
415 12.048775 53.225044
416 31.150555 75.510086
417 51.64865 47.618023
418 16.887112 74.6726
419 33.310844 27.20577
420 15.5663185 31.568417
421 23.803316 41.700817
422 88.6733 25.744518
423 50.347137 34.386185
424 53.96209 44.695435
425 66.81049 80.06348
426 31.542498 24.698612
427 95.028336 67.37578
428 56.4666 52.210876
429 50.157772 37.253098
430 1.048111 27.711052
431 19.845915 2.7758255
432 49.887054 70.40268
433 23.082352 78.51348
434 46.96358 68.86568
435 99.53983 67.88492
436 62.604897 55.863865
437 58.581657 16.763641
438 36.06308 47.315136
439 77.75583 3.1723824
440 18.936422 87.35608
441 68.36594 38.430153
442 70.99687 42.393963
443 26.83037 50.779255
444 62.332306 91.682846
445 60.850082 47.388454
446 75.210236 52.75358
447 81.010574 47.641853
448 10.833813 30.78379
449 60.1303 64.562225
450 93.3544 58.7922
451 60.952076 87.120895
452 3.378662 12.923737
453 3.4598808 6.9454613
454 76.44257 19.915499
455 84.178986 99.298965
456 74.23494 62.634296
457 27.56995 49.216827
458 27.848642 74.79738
459 12.057323 10.342308
460 12.286934 84.09168
461 25.04311 64.54526
462 7.030895 93.61877
463 21.615438 57.37896
464 8.858715 76.81183
465 34.219036 2.0242577
466 35.922096 56.660374
467 97.964874 10.153793
468 73.64808 57.932976
469 76.8564 20.881147
470 89.991936 39.653233
471 18.726414 47.026432
472 83.639175 44.662086
473 40.80526 29.939898
474 2.9389458 17.285923
475 51.194454 26.61967
476 63.694317 84.08693
477 14.320881 63.628895
478 37.59137 9.848156
479 22.079473 51.180782
480 78.350914 80.11684
481 30.792414 62.73747
482 86.764465 84.68399
483 40.472527 10.730049
484 1.3258591 12.3619
485 50.321648 84.467316
486 37.470387 26.443266
487 60.326267 21.388285
488 38.753876 98.6219
489 3.8244362 79.50246
490 28.257338 52.986225
491 73.7738 73.56342
492 85.72652 94.74382
493 73.018875 17.974346
494 81.99473 68.37074
495 20.404472 97.80259
496 78.82982 29.052614
497 58.929512 63.638367
498 39.206463 47.33805
499 89.15462 43.66909
500 77.94386 35.35321
501 63.17691 80.486115
502 3.724903 20.833784
503 54.525124 85.22203
504 1.2280807 55.030167
505 51.72946 79.04333
506 99.86771 83.77846
507 66.956635 94.810425
508 55.18599 47.41972
509 71.29592 2.2331467
510 96.44795 25.091488
511 29.88217 1.5459328
512 19.920116 55.093628
513 29.865366 46.34035
514 84.7928 27.586092
515 52.072624 17.27515
516 91.04294 63.350437
517 68.15346 69.49118
518 24.157812 58.47103
519 9.297035 89.64377
520 65.62431 51.4325
521 91.17765 95.331764
522 2.0600357 7.523468
523 85.82366 85.877594
524 28.18996 60.61323
525 60.994633 57.2766
526 63.295647 95.67937
527 39.118824 81.72686
528 61.563053 16.144928
529 24.115181 33.915222
530 20.304522 30.591034
531 50.27489 96.68783
532 65.29021 63.33873
533 9.335934 84.02189
534 97.66222 97.10445
535 18.188648 50.29272
536 92.16153 96.53414
537 95.77692 90.86851
538 89.0679 56.68029
539 43.353268 64.80006
540 89.97962 52.31828
541 83.9877 30.570795
542 66.14928 2.4501762
543 77.08473 26.253315
544 31.166151 12.635063
545 42.824394 60.139587
546 47.651817 82.39272
547 67.69778 16.530972
548 32.02121 82.71304
549 37.966194 80.86878
550 77.35236 95.53577
551 80.17631 45.76371
552 80.16053 12.413506
553 2.6810532 66.41817
554 76.945244 42.790382
555 83.17165 51.944717
556 57.098648 24.484917
557 25.946953 40.55883
558 30.081032 48.50583
559 94.704315 64.43793
560 84.02724 79.240326
561 91.80167 67.543655
562 24.568804 39.97925
563 16.199005 33.165688
564 95.51875 84.35175
565 50.1899 24.347876
566 96.52269 90.65647
567 42.794437 94.09877
568 19.840427 26.243036
569 9.889416 79.716095
570 34.753227 49.92376
571 64.64065 13.320469
572 86.48534 32.31054
573 6.5543175 66.78571
574 13.627697 92.1041
575 37.155838 6.223652
576 28.750042 90.9191
577 37.569283 74.571014
578 56.35766 42.534737
579 81.9801 40.968185
580 92.43878 27.949253
581 95.3345 17.441257
582 87.6774 91.75369
583 54.914715 54.925972
584 43.073982 98.111084
585 1.4726181 87.276566
586 39.233215 19.497074
587 88.629944 30.210976
588 84.002525 5.660408
589 72.256294 94.01213
590 17.562435 59.64187
591 65.10686 13.662468
592 19.616434 70.57013
593 57.74992 22.901628
594 19.953897 30.68889
595 67.00013 82.2813
596 99.77502 29.416842
597 75.42666 52.33098
598 31.395832 98.85669
599 68.85736 84.37049
600 24.109306 71.56235
