70
1 57.864613 73.63619
2 87.32483 47.72854
3 7.95002 42.407784
4 39.88088 98.76218
5 26.919641 46.06393
6 64.0567 56.87262
7 73.084984 57.20092
8 84.52681 94.47803
9 3.6290855 86.05162
10 65.34901 33.253838
11 27.847984 5.9699326
12 63.333984 77.462814
13 30.605064 1.8075256
14 58.385822 55.15341
15 19.494669 33.403847
16 5.7126007 78.41163
17 13.523396 27.07285
18 59.229202 3.1054726
19 33.082405 40.807457
20 71.77081 86.868576
21 80.943596 91.337456
22 81.67722 1.5826912
23 15.936623 52.674763
24 14.241386 65.48215
25 7.8991814 37.668533
26 64.4157 12.444473
27 93.47872 17.134403
28 44.284924 79.47766
29 1.8675728 48.159843
30 82.4444 4.1477966
31 20.525425 29.038332
32 34.1492 69.158356
33 85.16205 98.27791
34 6.8599052 31.678349
35 76.62197 53.663082
36 83.370895 37.523354
37 13.312515 17.069706
38 15.3677635 86.8076
39 11.285751 94.92064
40 99.19032 93.93672
41 26.411098 75.3558
42 41.600876 8.986797
43 89.52188 32.808723
44 62.681244 85.13637
45 3.3436584 4.711689
46 60.617393 44.063065
47 6.7387733 92.90875
48 23.960688 66.55298
49 7.036438 86.83886
50 17.078205 29.587133
51 56.301292 77.590225
52 36.546898 4.450699
53 31.781786 11.163055
54 76.64144 64.240204
55 62.17498 48.91258
56 31.982035 66.62228
57 27.150732 83.79109
58 69.2481 27.96585
59 94.24411 84.93793
60 33.890724 2.7277946
61 18.622227 92.97438
62 15.923801 65.79416
63 20.981178 75.10558
64 59.21216 87.95663
65 32.22042 25.704304
66 15.856693 24.681171
67 42.83798 36.089203
68 4.176956 72.81845
69 26.420374 24.20852
70 31.814707 93.54263
