700
1 21.897913 85.16176
2 37.371502 16.496716
3 95.137 54.642735
4 62.901627 48.89633
5 82.108734 83.96741
6 23.868027 62.378593
7 32.089043 9.782127
8 7.3336716 38.980812
9 96.20341 32.042973
10 33.806282 69.53935
11 63.04179 28.247496
12 8.138847 89.53833
13 16.695492 13.1418495
14 53.23557 42.062477
15 69.136116 50.45439
16 29.49377 1.3795929
17 20.891447 67.77568
18 69.5568 21.233854
19 74.706985 21.132877
20 38.887188 39.4812
21 52.232746 75.12224
22 16.277058 93.5021
23 83.06286 76.1409
24 32.73065 24.872301
25 52.827496 40.445442
26 61.44657 82.72891
27 65.72336 55.0328
28 54.30666 95.60783
29 82.865005 98.319275
30 94.21271 53.27885
31 85.30002 86.6857
32 93.81981 27.970535
33 8.3406105 61.136024
34 30.440325 6.4391594
35 77.03729 34.37597
36 93.02083 61.478497
37 30.45016 8.361073
38 38.776558 2.39048
39 13.637581 88.843765
40 98.10112 40.944496
41 5.1573257 29.814724
42 44.940605 13.702618
43 3.0842056 49.68021
44 75.97655 7.370056
45 83.574615 47.62212
46 89.8522 69.56311
47 80.32175 37.162636
48 73.477394 1.7685204
49 63.208344 63.021214
50 87.47328 87.2395
51 26.99584 43.073483
52 7.270767 76.905655
53 37.35331 78.122955
54 39.054718 16.687912
55 32.99054 16.071136
56 65.52879 42.568207
57 90.53114 63.03885
58 53.89996 96.42592
59 19.693136 29.093922
60 76.553085 33.429474
61 3.0001602 55.75846
62 58.140007 90.06099
63 29.73133 69.24199
64 14.224651 5.9051094
65 77.8045 69.257774
66 49.7212 57.145126
67 95.51553 67.0684
68 23.523706 66.22842
69 5.1932716 7.15271
70 1.366539 54.513206
71 39.574886 11.161182
72 71.805786 65.29183
73 31.437529 44.969406
74 71.42644 43.821083
75 63.142754 84.01506
76 64.53729 43.473743
77 48.736412 14.592449
78 91.37132 47.244297
79 42.85121 7.7742233
80 45.349937 87.34585
81 59.234375 28.92271
82 12.064308 2.4848022
83 4.2786026 73.6095
84 8.489742 36.786613
85 97.611176 85.53926
86 75.94156 11.986706
87 14.374935 52.44289
88 50.069454 86.05392
89 2.7664795 60.852245
90 3.9414368 1.4407768
91 5.7121162 5.7221375
92 68.34144 21.469242
93 33.639557 81.90776
94 30.885286 60.55194
95 99.20477 21.413937
96 15.023094 19.156134
97 93.04611 38.60244
98 50.625824 4.3456078
99 17.930267 99.403564
100 21.69492 46.629486
101 82.55414 82.88962
102 30.9989 85.50623
103 61.807083 78.40624
104 25.69839 82.92263
105 55.896217 90.15265
106 39.562836 37.80858
107 2.7945633 84.19202
108 40.745636 19.932507
109 87.16774 74.83758
110 43.611835 91.41649
111 60.546467 35.10801
112 52.721333 67.25009
113 21.405766 15.481468
114 87.97992 36.200916
115 37.285995 57.808586
116 98.04891 89.766266
117 35.717655 17.140205
118 8.239994 62.933304
119 83.80177 45.87874
120 12.146355 53.299255
121 13.079681 74.036995
122 93.15994 68.85655
123 15.410015 64.74126
124 73.76749 7.6228294
125 22.041945 87.6026
126 99.22287 55.90322
127 21.89186 42.471302
128 1.2866592 69.41542
129 11.99921 15.854286
130 60.033184 17.293514
131 35.703625 66.146805
132 6.6914825 17.234684
133 21.1351 78.365524
134 9.411663 5.2086334
135 41.36343 19.50789
136 98.264114 87.05957
137 65.9606 72.027855
138 78.905396 93.043945
139 28.806324 33.31182
140 17.774567 13.350327
141 1.0573997 23.092857
142 17.53865 31.46002
143 98.275826 34.63806
144 12.194618 95.47343
145 96.396484 54.615345
146 24.717686 22.902325
147 32.53263 39.88395
148 42.405655 37.07212
149 89.895905 35.520893
150 62.227283 72.60545
151 95.26366 60.369843
152 11.908833 82.427246
153 98.059875 68.40737
154 97.853165 40.624752
155 57.819923 25.584673
156 81.79169 19.670155
157 65.828316 64.49416
158 55.259823 9.136726
159 38.707207 43.384117
160 66.083336 42.79709
161 91.852806 67.02975
162 40.59272 41.00303
163 57.71957 56.225285
164 81.95312 25.353186
165 42.694904 84.59338
166 42.23739 12.471401
167 52.17421 8.06274
168 3.2393646 59.96827
169 24.281654 93.16472
170 6.126953 38.29821
171 1.8468056 64.72847
172 20.50004 45.48476
173 20.649689 56.60677
174 82.56601 94.63629
175 94.766785 54.65589
176 22.28836 54.01504
177 72.375824 68.06018
178 54.00917 98.0851
179 27.36272 20.316376
180 53.886406 84.01403
181 59.609535 78.84502
182 49.603096 90.36603
183 35.385918 34.86284
184 76.44948 48.35537
185 24.383827 75.62068
186 25.084927 53.90655
187 22.415106 63.301994
188 1.5551491 32.964485
189 69.96062 45.22491
190 12.941666 18.351822
191 31.046196 31.485386
192 77.52425 79.88054
193 84.189606 27.485641
194 24.302734 81.04221
195 20.272825 11.775078
196 56.29998 17.668728
197 90.540215 49.858772
198 55.916996 79.24371
199 34.4766 54.786167
200 86.31737 53.40079
201 48.2868 13.404385
202 82.96471 10.350906
203 79.42194 35.64621
204 86.33319 70.253586
205 17.938988 64.62752
206 11.534206 27.809727
207 48.297817 44.22938
208 4.718071 29.736547
209 30.391582 50.54232
210 65.80488 83.88696
211 72.619965 77.31554
212 34.318222 17.45316
213 36.00849 95.43718
214 90.60852 9.74807
215 75.523605 11.601864
216 79.22083 65.21577
217 56.931408 53.6407
218 45.198452 14.55423
219 66.19552 49.596798
220 73.03934 14.935219
221 97.63512 48.476563
222 24.779167 51.182762
223 87.98721 75.91359
224 19.190504 57.595047
225 67.08502 99.510475
226 89.3419 15.129169
227 96.45627 29.559065
228 39.059986 80.27931
229 95.26825 75.546074
230 5.9704514 30.23452
231 4.8341026 82.770905
232 9.073463 62.322582
233 38.992558 87.89261
234 32.16372 74.997894
235 73.56923 65.960175
236 9.344578 39.227505
237 47.00025 29.367676
238 96.564606 77.918396
239 23.17407 69.87419
240 36.233532 50.519524
241 6.0816116 38.435028
242 10.207359 61.273697
243 95.57882 41.83412
244 52.202694 36.976112
245 32.032185 38.454678
246 71.4863 23.176264
247 78.923874 16.488758
248 50.393124 71.828125
249 7.0477448 49.46882
250 71.99618 41.21972
251 64.97787 75.36853
252 93.64669 30.156084
253 77.60576 13.5313225
254 85.10452 23.196638
255 41.0811 99.575516
256 9.977131 54.23572
257 20.02706 83.50466
258 57.191284 3.9782486
259 74.57703 75.00271
260 49.249416 29.330954
261 46.392193 69.37682
262 1.4548302 25.15224
263 93.383896 2.591526
264 57.44183 51.8576
265 13.969593 78.80878
266 43.547924 66.941284
267 81.41479 8.435772
268 93.67694 10.473248
269 84.85765 58.651207
270 43.552937 80.99634
271 2.2423286 44.91502
272 67.64711 51.19935
273 30.88656 33.430405
274 17.71468 88.57828
275 4.179405 37.141335
276 92.884834 3.153801
277 78.90955 99.38377
278 78.85184 29.69225
279 9.204769 31.190859
280 97.9368 34.478874
281 1.3389549 66.31809
282 51.08161 88.796524
283 3.6879158 17.825092
284 88.62132 52.305588
285 35.016518 1.3904152
286 45.71495 43.47791
287 19.911652 40.50885
288 3.7500267 80.74167
289 43.364983 24.15829
290 23.971775 84.5202
291 13.259678 68.44546
292 75.217064 86.94456
293 91.56306 11.431736
294 36.44984 91.271484
295 63.278748 59.745148
296 87.713715 43.201756
297 44.800823 35.81225
298 71.13288 97.815994
299 85.308685 53.483784
300 69.7327 60.77389
301 37.109104 85.220474
302 13.64476 70.25906
303 23.677317 95.78259
304 4.635437 26.700949
305 26.358118 69.31555
306 21.25882 25.997625
307 80.06437 13.714035
308 69.7075 49.499706
309 46.640385 49.35922
310 36.00679 52.379475
311 38.420746 78.3911
312 30.790855 99.50604
313 50.032093 75.601974
314 30.720373 87.94495
315 30.878862 13.954109
316 41.44109 89.40782
317 23.714705 31.73833
318 23.46366 90.3167
319 99.68399 13.825954
320 18.180214 50.192432
321 7.1588707 82.15487
322 29.410395 9.169392
323 76.51384 72.71196
324 41.460754 47.426342
325 65.195366 77.971725
326 89.817024 91.53783
327 9.962082 61.674656
328 80.83972 12.870697
329 88.47023 35.773647
330 81.53782 4.155861
331 77.780426 62.33979
332 3.3538132 43.985134
333 14.889488 22.343071
334 6.379963 26.922533
335 94.425095 27.27399
336 17.47601 41.24244
337 99.68022 45.490246
338 66.41584 90.983215
339 2.870388 98.76584
340 19.504604 91.913185
341 22.633015 23.537277
342 74.841606 23.766539
343 72.18888 63.240112
344 32.273853 37.19967
345 66.97579 34.42483
346 67.13253 36.55433
347 47.746315 62.79525
348 47.876568 10.304119
349 44.92141 87.67397
350 51.828636 65.55922
351 98.10257 1.6544342
352 77.645325 47.335064
353 2.6745033 34.590042
354 92.70006 25.343578
355 41.412975 15.767502
356 91.722275 42.24742
357 21.817566 58.942474
358 54.757656 97.39482
359 24.28661 1.8703957
360 39.535713 66.77058
361 34.605213 64.915474
362 90.77964 17.442234
363 42.973507 80.34929
364 90.62041 30.751886
365 32.239197 67.37593
366 59.90487 73.58632
367 95.443344 82.93259
368 25.414352 60.670204
369 23.684093 84.20856
370 30.978163 95.79354
371 2.5558014 12.5756035
372 3.762741 94.8456
373 40.375626 17.915367
374 87.58341 83.82099
375 52.636 38.892593
376 11.062939 73.005356
377 14.559132 84.102356
378 79.04051 98.99629
379 92.771194 60.593224
380 6.0860786 17.827938
381 84.71077 21.377127
382 60.087437 27.538687
383 95.72879 84.22215
384 99.04703 59.970364
385 21.654068 36.095642
386 95.64897 28.527565
387 99.98547 93.81726
388 95.375336 13.5756645
389 25.068731 66.32704
390 2.5141068 88.12039
391 14.965961 58.94909
392 83.805016 32.493538
393 87.92084 8.227589
394 41.445858 18.715906
395 93.11545 52.6065
396 27.500404 91.41316
397 60.299828 26.63824
398 18.277908 78.25183
399 81.8374 67.24101
400 63.373466 15.825638
401 46.67171 69.53585
402 3.2842484 41.618862
403 12.341904 21.979961
404 10.339191 70.90443
405 96.981964 56.75052
406 11.572979 10.696983
407 15.806114 7.0153847
408 25.57541 83.31358
409 63.865204 37.537994
410 47.25475 71.60624
411 56.144306 15.043705
412 75.63904 30.88826
413 76.115456 34.49472
414 46.65444 51.99073
415 70.02584 1.2567711
416 56.938496 10.240749
417 62.022144 25.031534
418 36.118782 63.995907
419 39.825428 52.58124
420 12.733826 79.64231
421 47.578728 9.411125
422 17.704937 35.36285
423 43.11432 2.0270576
424 84.20444 16.645325
425 55.32978 56.647087
426 18.014362 92.34578
427 86.18886 35.287262
428 44.649685 77.6263
429 87.22201 95.86975
430 80.76366 84.15523
431 53.890648 31.387125
432 78.55979 85.00923
433 2.0428581 35.562767
434 95.8934 97.75148
435 49.722153 81.845825
436 59.2323 45.04941
437 98.01886 97.36817
438 69.50776 49.580578
439 44.21945 61.71715
440 72.47322 54.613037
441 72.654495 29.605145
442 83.62462 13.809502
443 78.681755 86.661026
444 63.424885 9.061703
445 38.325283 24.184338
446 43.492622 4.544491
447 68.21314 3.1450882
448 52.21709 62.51049
449 60.128895 13.331238
450 60.764793 5.6655197
451 90.34691 86.52211
452 31.03886 58.28328
453 48.095993 43.904102
454 57.024277 87.965576
455 94.14864 69.708595
456 19.605621 53.38121
457 36.797703 50.825844
458 79.06552 87.21552
459 89.22545 49.24987
460 14.056175 82.69872
461 24.46109 38.70852
462 56.390583 28.148561
463 58.139603 75.17556
464 26.670174 75.45055
465 88.770134 11.1838
466 53.595737 72.92553
467 51.710075 65.14
468 55.14347 3.056755
469 7.4141273 19.184744
470 86.43548 18.493855
471 61.69157 99.391174
472 14.082626 86.80345
473 91.603 99.4216
474 1.8228111 34.980553
475 22.558842 26.453041
476 15.447514 13.665451
477 91.33686 55.48301
478 69.08611 88.45746
479 84.619675 48.618095
480 91.38475 65.66045
481 60.27952 88.98339
482 47.570435 28.520464
483 72.57236 54.75197
484 79.04672 53.75467
485 80.50695 88.65671
486 48.417847 92.527695
487 39.993805 59.432175
488 15.187389 8.487289
489 72.87178 21.830782
490 26.095778 5.6096497
491 72.561035 86.798996
492 46.707073 40.390045
493 71.29446 67.014465
494 58.059265 99.89465
495 82.3295 83.822685
496 19.272171 36.4862
497 8.90049 35.147987
498 88.90047 10.326862
499 54.07877 22.47142
500 73.56863 97.62311
501 63.25173 48.97279
502 9.78228 13.422417
503 89.03943 38.714596
504 75.86314 15.009117
505 55.7837 52.503056
506 39.675735 84.80576
507 81.03259 13.7922325
508 52.832848 39.847862
509 88.05108 77.535194
510 6.0967216 28.42219
511 35.164227 94.15753
512 86.29102 56.13369
513 86.244415 36.837967
514 89.53486 22.971085
515 79.67894 93.027466
516 85.26198 20.967203
517 74.66886 35.98546
518 73.322586 50.589718
519 55.004566 19.367851
520 80.57399 38.909233
521 95.93622 83.56947
522 27.293074 3.0641441
523 14.354633 84.30353
524 20.015837 67.885704
525 66.94107 36.4902
526 72.90289 75.13293
527 17.399406 1.7675056
528 73.566666 37.274403
529 27.939816 13.864197
530 16.025452 70.87105
531 88.48035 77.23555
532 21.719154 27.180052
533 85.70329 76.619354
534 29.679066 30.283064
535 29.352364 91.293
536 38.34741 33.56379
537 97.75644 12.179642
538 84.242485 12.093636
539 36.064766 24.46622
540 16.096767 16.605892
541 21.59158 23.612894
542 93.02764 44.113174
543 95.46584 3.2784271
544 88.89872 7.328369
545 19.146997 27.698322
546 26.261068 8.034668
547 13.488285 37.587124
548 20.280132 6.9728546
549 25.059216 39.69496
550 64.96476 86.87582
551 50.725616 73.47437
552 63.109474 54.74737
553 79.588394 56.229633
554 98.69525 65.09399
555 65.48135 81.75776
556 94.99812 71.014915
557 10.777073 92.94258
558 65.446144 85.261826
559 64.821434 37.938835
560 85.35654 3.6769829
561 15.143826 10.477989
562 68.186844 51.116623
563 61.424747 38.48461
564 69.61844 14.81802
565 74.04862 70.32994
566 28.808834 41.900806
567 38.182697 81.59537
568 93.14787 59.06964
569 37.43269 42.3118
570 21.442354 51.54405
571 16.959305 36.96264
572 86.23362 83.89893
573 40.354424 24.560278
574 36.953205 31.418585
575 61.019543 57.33882
576 21.992107 60.647835
577 43.969322 69.251785
578 73.33251 98.935104
579 68.671936 33.97297
580 39.39233 34.731133
581 54.329365 55.328606
582 83.806274 34.50405
583 36.147842 4.017948
584 61.748 17.01865
585 19.677298 22.130014
586 89.57394 17.820091
587 42.30106 39.430023
588 52.222805 68.5487
589 67.59128 47.919563
590 93.37261 89.30412
591 9.129669 83.0782
592 66.730774 25.624315
593 82.82863 96.24246
594 15.315907 64.10974
595 6.7651978 68.71977
596 32.329613 8.690159
597 65.385216 25.812977
598 20.104403 61.75704
599 41.320942 89.15727
600 52.34172 36.91837
601 6.4048347 4.261944
602 32.202213 19.944487
603 40.240986 51.391167
604 94.86871 98.876274
605 35.035954 78.14096
606 35.68778 89.63339
607 59.104893 42.922264
608 17.367554 94.02395
609 34.50695 33.823074
610 54.09305 95.90575
611 89.645355 97.139946
612 99.78734 78.41911
613 86.85379 21.283587
614 28.568163 25.371103
615 91.10771 37.010628
616 67.46082 81.16261
617 19.632727 20.364662
618 89.15085 89.022705
619 31.717068 10.519817
620 42.868835 43.05524
621 61.68787 25.050503
622 2.8743858 26.903097
623 70.079704 18.651873
624 50.40384 56.520794
625 39.495224 28.530752
626 54.560574 28.2138
627 11.83482 43.292397
628 58.004314 36.792248
629 66.129166 84.843704
630 63.426914 16.388664
631 84.77109 49.457363
632 94.04601 71.89498
633 57.780354 43.47779
634 59.25921 79.47488
635 54.62601 24.394794
636 38.88887 38.41943
637 99.32853 92.90834
638 62.387318 23.251373
639 19.99245 19.587095
640 42.87051 74.52837
641 86.02319 93.95186
642 75.774765 64.32163
643 25.992125 40.526398
644 32.810944 96.26213
645 82.115425 84.413925
646 61.362194 9.652817
647 3.2445412 91.398476
648 82.632935 75.80256
649 35.605633 3.1463127
650 14.385708 99.60872
651 53.65074 32.602497
652 26.89112 81.07376
653 37.2128 67.00386
654 72.08773 16.352268
655 22.836544 37.654556
656 41.98072 13.593475
657 84.026054 39.255093
658 45.00733 51.044254
659 48.207516 48.1279
660 61.267273 67.383675
661 66.90426 25.587572
662 37.68314 73.70569
663 80.34687 52.936596
664 68.05041 61.417366
665 67.77742 51.69125
666 15.499214 4.7535667
667 15.372486 81.958694
668 20.361511 48.678158
669 96.874176 93.90593
670 67.44861 71.182365
671 68.75961 74.941185
672 77.22377 5.2373734
673 8.875214 30.397385
674 70.00562 20.646002
675 69.03516 24.12863
676 70.59073 60.109623
677 42.436928 17.051136
678 69.71585 85.21135
679 29.666338 48.767757
680 51.699806 84.95888
681 89.44757 49.654903
682 22.777008 9.642132
683 22.197325 16.654121
684 35.887016 72.420815
685 65.00092 87.772194
686 70.3154 77.11372
687 46.33658 21.276823
688 2.56744 74.724556
689 84.97624 89.45133
690 84.6794 60.316544
691 61.509266 96.03569
692 42.781506 58.504448
693 51.72704 63.710766
694 60.911236 8.401287
695 46.101006 7.3461304
696 44.810448 96.43438
697 33.00339 62.534924
698 18.553255 24.436209
699 78.7973 92.907845
700 77.45352 83.90973
