800
1 27.634333 36.59397
2 23.569515 89.08056
3 88.712494 41.021038
4 4.821224 33.493053
5 62.791126 24.518328
6 74.45301 42.859276
7 79.161255 39.9859
8 93.72901 58.178684
9 50.806625 35.65861
10 46.16625 53.78249
11 77.3404 88.54753
12 58.67801 39.016323
13 64.3235 95.13159
14 32.180016 10.223633
15 2.3966522 86.887146
16 54.677063 48.87146
17 95.48466 89.6613
18 3.9284973 41.36265
19 77.89663 90.567795
20 65.49016 89.87221
21 53.97614 67.129875
22 98.72907 57.59059
23 31.822021 5.079567
24 88.66395 29.408716
25 60.16827 58.502438
26 79.52437 17.956005
27 14.483459 52.165337
28 61.94521 64.99004
29 76.14759 7.3030663
30 96.484375 22.413635
31 15.6106415 77.073814
32 84.84972 41.488346
33 78.31434 77.619446
34 85.26581 6.1087646
35 26.594618 97.34984
36 46.01404 89.886375
37 10.1154785 68.62124
38 46.58808 21.651861
39 87.90971 82.037674
40 74.855896 70.84862
41 26.510702 82.49694
42 91.23596 14.197941
43 71.54232 17.121918
44 67.1729 91.75458
45 35.84603 43.037304
46 64.05278 35.07611
47 35.095993 1.0120277
48 19.495132 11.348053
49 81.97779 1.7207298
50 28.849476 3.9284744
51 75.95936 17.245167
52 8.10984 40.00091
53 67.79123 3.9388123
54 62.526722 84.65901
55 30.718124 32.244835
56 35.996674 21.93024
57 7.6880035 63.974335
58 95.614685 12.700581
59 28.658943 98.41095
60 38.814106 9.196373
61 98.5813 43.9869
62 10.853096 71.78732
63 46.792652 34.89463
64 33.105602 69.23572
65 1.0052872 20.575901
66 83.54742 99.33345
67 84.98935 95.41916
68 86.06467 53.54681
69 91.05 29.863405
70 46.771973 33.87802
71 51.355618 57.19522
72 27.840025 36.016636
73 30.311632 12.144646
74 69.54223 44.013824
75 56.72448 57.393597
76 85.60304 47.0589
77 44.187435 10.845909
78 68.0544 38.173588
79 76.48414 53.600002
80 7.637867 68.20463
81 4.3455276 94.269745
82 29.911848 52.991684
83 4.8804626 74.223366
84 29.956268 21.147442
85 89.20053 38.813217
86 79.14667 46.312576
87 8.609623 93.119
88 40.929432 29.709118
89 4.7728806 99.54072
90 74.791504 51.37826
91 51.21607 63.60058
92 80.379715 2.7133446
93 64.69452 98.81029
94 27.773355 99.864334
95 97.53024 90.27221
96 89.94406 53.50634
97 59.262894 89.679794
98 13.967743 63.651367
99 24.148138 14.355537
100 72.87349 35.062252
101 15.868923 21.633713
102 85.15585 78.12887
103 52.985783 50.37518
104 70.88913 58.912155
105 66.103035 1.1930618
106 1.1385231 52.321396
107 21.497477 69.351135
108 82.36084 67.83907
109 8.905125 4.1405487
110 12.54969 35.106865
111 92.89593 34.41797
112 51.981987 29.917208
113 88.52774 28.570213
114 53.051155 60.62349
115 45.138775 12.696556
116 84.00433 34.235123
117 69.38611 71.22469
118 47.976387 46.187073
119 81.42786 90.29681
120 96.19918 23.54998
121 87.41232 35.830692
122 37.01232 72.45451
123 96.79692 16.637695
124 17.862839 74.76485
125 31.29867 6.657604
126 79.6687 6.0238
127 27.403679 13.627209
128 46.39365 44.42962
129 42.936893 19.45708
130 40.700897 12.6070595
131 76.78038 89.57196
132 53.203144 37.342514
133 11.412792 99.54086
134 21.325232 27.117815
135 45.168728 83.976295
136 68.36076 99.1552
137 91.45891 83.91996
138 69.54287 76.21468
139 66.21658 62.166546
140 50.65251 15.603134
141 84.727 11.174919
142 37.6773 12.587322
143 58.038025 94.894684
144 38.50565 97.666435
145 12.507809 68.76463
146 55.24109 43.20195
147 20.264597 37.748726
148 98.666245 84.36021
149 44.38069 24.651619
150 75.581154 65.70767
151 71.42813 91.37286
152 66.26419 76.71767
153 74.262634 20.066345
154 6.2007294 40.09442
155 14.556004 62.415894
156 10.629189 58.087425
157 90.180145 38.205814
158 95.501785 31.347702
159 35.32996 82.54082
160 78.85201 34.65692
161 32.76398 41.56164
162 48.99054 61.55924
163 36.264484 64.512344
164 46.16722 73.60507
165 93.31773 20.039246
166 53.517406 12.792061
167 60.44636 70.06934
168 18.035088 94.066864
169 98.18785 70.0291
170 47.1086 66.43491
171 28.42307 77.35361
172 40.035255 22.157228
173 18.784697 43.881336
174 11.969028 89.924355
175 4.149643 48.999348
176 66.13725 12.385979
177 68.35547 97.132904
178 68.29574 15.766827
179 83.688835 82.6656
180 14.341732 61.248425
181 4.661064 12.303097
182 28.007069 40.383244
183 50.22367 25.72755
184 46.345016 79.57978
185 91.77514 3.6796112
186 77.57404 23.416113
187 58.168003 56.666977
188 10.100079 98.97717
189 12.802338 88.91867
190 20.538885 90.85092
191 11.186413 26.941967
192 73.696915 69.277084
193 62.016983 21.091728
194 59.145676 9.618145
195 80.71614 65.099884
196 74.83121 29.185434
197 54.32083 73.65804
198 16.603085 50.58396
199 56.500557 54.843414
200 39.276367 42.204742
201 69.162994 76.01758
202 74.59306 9.138531
203 1.048439 65.9009
204 80.71387 87.253494
205 20.0802 15.873989
206 1.1418839 12.910877
207 70.27958 9.1083145
208 39.290245 36.39615
209 17.780712 69.504166
210 1.8807259 15.308666
211 98.76466 12.799625
212 45.37402 41.565346
213 39.85249 80.92417
214 26.486639 64.3224
215 63.25208 81.58249
216 41.397724 22.440538
217 43.813786 80.48047
218 69.54626 70.277664
219 16.37872 88.93982
220 92.73137 28.885256
221 7.363865 3.9885635
222 40.516598 2.390255
223 77.22506 42.905262
224 63.739544 16.315079
225 25.38263 27.576889
226 90.75778 53.338894
227 14.475887 92.7215
228 38.211643 44.613155
229 43.796227 77.46643
230 14.581192 48.231716
231 44.808052 48.865616
232 92.170395 61.566635
233 45.21428 19.298222
234 63.571293 60.897087
235 91.053986 42.04165
236 60.69955 34.641495
237 69.63593 19.217625
238 13.885895 91.96597
239 27.01213 2.1940346
240 1.774807 96.09515
241 94.50781 13.8055
242 48.308403 1.4736977
243 73.18382 41.23455
244 48.49688 95.96323
245 3.6901093 71.3629
246 72.83673 82.52286
247 24.367476 98.18881
248 65.16064 78.24255
249 77.42601 69.55924
250 4.919342 33.41102
251 64.20219 3.950611
252 91.39151 10.181625
253 73.73654 23.212963
254 34.93872 87.37302
255 14.3292465 12.805721
256 51.155476 24.468159
257 18.464317 9.470085
258 17.722553 50.31233
259 35.91129 48.793205
260 50.83763 5.3362923
261 49.0035 1.9006958
262 93.722626 69.148346
263 28.038284 63.638123
264 12.01268 85.52931
265 82.35789 90.499115
266 32.345642 76.8479
267 60.871162 42.633614
268 81.16907 60.114033
269 8.344536 41.551147
270 83.13014 52.503227
271 83.29498 94.70763
272 50.96449 8.433708
273 74.667244 15.976475
274 29.467308 80.61874
275 28.735113 85.54224
276 43.13261 83.338776
277 63.33834 8.864418
278 4.84927 81.23363
279 78.09993 10.770271
280 42.480145 14.488586
281 78.44466 92.02031
282 40.180717 75.5684
283 38.31987 26.785229
284 75.55924 52.93018
285 84.679535 44.390102
286 94.69274 57.444378
287 69.52621 33.208214
288 27.068632 5.1415787
289 56.253643 43.1922
290 7.261738 83.123505
291 31.677935 90.21579
292 23.00446 70.65142
293 2.9399948 56.127033
294 11.855633 92.94219
295 92.959305 82.08072
296 33.49298 78.88174
297 43.54794 63.843185
298 81.303925 92.09282
299 17.403687 97.65247
300 67.405266 45.178032
301 60.425194 67.70865
302 29.39609 55.927258
303 39.677155 9.930241
304 31.846113 36.113922
305 1.8273354 41.16535
306 60.016613 87.632545
307 76.37945 52.564713
308 10.070656 92.8168
309 34.927563 23.51034
310 25.4249 77.28452
311 70.245674 83.36306
312 18.728325 54.055035
313 68.16805 48.953342
314 31.282902 86.936905
315 98.11422 17.022999
316 67.969444 8.527184
317 93.86619 32.32692
318 20.212116 27.2931
319 22.720463 4.639805
320 54.6582 25.805935
321 7.46735 67.21254
322 72.09476 26.322266
323 3.6157684 59.844097
324 78.432816 54.201122
325 14.748192 73.654526
326 68.12584 58.209232
327 93.33286 48.219486
328 83.638916 41.917892
329 4.8298416 68.74987
330 66.11896 39.34338
331 92.03516 24.193531
332 22.812231 8.943813
333 3.5761719 24.91248
334 1.4176979 95.70378
335 80.45845 64.90108
336 20.259813 88.25583
337 86.00094 26.663843
338 40.472458 88.67697
339 6.528923 39.776882
340 84.669785 23.033394
341 17.079235 16.027843
342 26.11681 58.98308
343 39.893864 49.763054
344 69.0719 74.35128
345 8.564957 54.501236
346 24.802929 81.54648
347 86.278244 52.729347
348 83.16443 8.124344
349 63.75107 7.009365
350 35.659492 4.4781685
351 23.100622 69.49071
352 68.09208 55.745014
353 99.34854 56.42223
354 80.88199 19.76871
355 86.91867 69.72311
356 95.32525 68.84523
357 52.943073 1.6292152
358 56.50285 53.044617
359 21.19226 31.183838
360 20.475264 69.20925
361 16.35812 80.28637
362 67.54617 90.06741
363 16.499977 66.45378
364 3.710926 27.784258
365 19.515585 99.88718
366 19.61118 62.70593
367 11.873417 22.978243
368 32.36476 84.53429
369 73.20948 27.195263
370 75.324326 91.270874
371 22.28338 33.01949
372 16.374279 34.170414
373 66.24805 74.17463
374 96.05179 70.95291
375 99.8724 93.52283
376 84.970245 62.805183
377 77.54029 60.82952
378 58.204285 43.20444
379 45.570267 15.878841
380 71.43808 76.06616
381 86.45288 84.78139
382 16.088211 28.754013
383 93.0562 79.37814
384 90.29204 95.362976
385 81.32083 20.018314
386 97.21096 84.19742
387 53.499184 33.694412
388 36.99134 81.217995
389 5.9397545 88.56294
390 70.829285 94.216736
391 57.087578 75.13237
392 68.284424 79.30156
393 72.452065 11.2973175
394 49.29346 29.806807
395 63.35807 4.02367
396 89.11078 69.34624
397 32.1183 27.469847
398 92.990234 12.656876
399 62.576874 76.17133
400 24.879602 10.091286
401 53.280174 89.67854
402 51.19239 16.002666
403 67.07826 70.61181
404 46.800617 62.83265
405 91.39558 63.63067
406 80.180504 65.815056
407 29.389185 80.989075
408 14.373383 41.02641
409 36.72558 40.288933
410 30.0383 1.4120026
411 21.782112 95.46275
412 28.294567 53.257904
413 78.98804 19.498083
414 94.84611 38.701942
415 78.08661 51.34402
416 25.847631 46.608337
417 54.299034 38.36397
418 68.77178 61.285324
419 72.928276 50.269783
420 18.350689 60.458668
421 39.080162 7.134075
422 47.180447 73.500114
423 72.13964 30.396208
424 11.458015 40.107582
425 3.135147 5.418335
426 63.855732 76.45949
427 97.02339 91.0863
428 1.2667885 20.674685
429 22.659027 38.75461
430 12.134754 23.2695
431 16.155128 68.31827
432 31.623312 80.948135
433 65.47021 5.4493027
434 84.22928 74.57131
435 63.894264 54.091553
436 55.951874 91.12003
437 99.19525 79.04321
438 94.38487 38.55634
439 92.101 54.749077
440 1.2366905 21.208881
441 15.401279 6.0200577
442 32.599564 84.60341
443 70.68018 28.513254
444 85.03548 41.706852
445 14.067947 97.68384
446 77.921616 50.524822
447 44.281097 44.75827
448 41.736847 65.93964
449 44.297695 11.007359
450 59.481003 89.67987
451 58.284546 7.608837
452 73.86664 86.35262
453 92.2742 3.1759682
454 60.20548 85.47495
455 52.033787 59.77706
456 51.579117 55.576874
457 75.02687 28.896904
458 37.804718 96.664825
459 92.94498 96.74948
460 88.196625 90.39122
461 41.359993 26.543943
462 91.959015 50.567715
463 2.2047462 14.927422
464 66.01433 28.878998
465 44.22581 23.568735
466 92.62374 68.628174
467 13.664753 83.81362
468 59.256573 86.32452
469 74.699875 94.48576
470 3.9279022 24.64175
471 84.45305 84.721115
472 41.958458 66.44731
473 88.64113 7.4343376
474 38.208916 77.44361
475 69.86414 30.272291
476 44.264755 43.69545
477 41.962883 87.002106
478 4.135872 57.374096
479 44.757183 47.82158
480 21.606228 92.77374
481 7.6853333 34.99879
482 33.30672 95.976074
483 82.87068 48.185184
484 85.38168 10.727501
485 11.171726 42.018993
486 35.06247 32.055954
487 11.041134 2.2120514
488 28.925219 85.58747
489 68.29201 91.69448
490 56.365643 29.248026
491 74.12535 88.509384
492 69.25418 74.60788
493 12.785175 92.55114
494 3.8909378 2.9383087
495 14.159878 58.696346
496 69.98893 91.26778
497 66.30117 97.35699
498 98.94882 86.93731
499 99.83838 77.86297
500 12.149952 93.4937
501 85.121796 41.460117
502 23.051996 42.345543
503 22.657179 59.976315
504 32.764786 13.467987
505 28.908564 78.98189
506 49.49862 58.229424
507 19.690557 73.55481
508 62.317665 31.59794
509 97.791245 6.64328
510 51.503048 45.48025
511 16.305218 90.33621
512 68.87334 68.82855
513 98.264175 6.375702
514 11.116909 3.198616
515 94.996765 88.84512
516 87.63246 43.24326
517 21.839582 76.91693
518 37.179554 83.2227
519 54.117542 18.883396
520 29.727182 73.23123
521 67.05639 62.04518
522 58.294724 17.642319
523 59.90306 54.613342
524 76.48752 22.301147
525 94.48573 97.18849
526 29.614408 61.742283
527 80.713936 28.751528
528 1.3373146 99.70961
529 49.509163 47.055656
530 4.283642 8.701458
531 61.70469 93.14294
532 30.996017 65.82319
533 52.704174 70.08938
534 68.28659 79.864365
535 26.988535 95.14079
536 15.294666 46.415867
537 2.7862968 78.5132
538 80.02789 31.892744
539 15.359356 17.90829
540 52.20158 70.51092
541 65.41141 5.585533
542 55.84822 98.72145
543 8.512753 22.886086
544 21.742596 25.40649
545 26.558863 60.12138
546 79.330025 52.6956
547 96.31296 99.47492
548 72.04519 2.1404724
549 64.8792 41.489754
550 28.171755 15.050022
551 14.055153 5.2723923
552 31.298223 96.233665
553 77.23368 45.69145
554 48.056274 39.620968
555 17.840649 44.59295
556 77.18001 17.486813
557 57.998367 34.002403
558 36.051933 41.776764
559 10.055454 5.436947
560 44.423355 51.190495
561 78.101456 52.494648
562 7.2659264 46.37756
563 43.22137 15.690945
564 70.5225 98.44403
565 82.77495 73.26372
566 95.24608 1.8087158
567 56.418915 91.74858
568 78.53828 57.509365
569 96.00838 56.390274
570 78.7504 55.848225
571 58.929245 69.48238
572 71.49544 88.85949
573 96.69121 37.63289
574 5.7235527 16.92046
575 80.26014 25.222027
576 43.354225 39.84422
577 40.302055 87.31837
578 67.793236 46.0401
579 45.645145 1.4596825
580 1.4628258 59.290684
581 19.880934 98.697624
582 26.34345 68.33847
583 88.26731 15.278278
584 23.133574 45.413475
585 15.356239 33.39064
586 50.119823 33.338646
587 48.223637 26.400623
588 96.224945 69.17734
589 93.988625 93.546814
590 19.278008 38.182503
591 66.03781 6.5009956
592 5.5162964 67.22843
593 29.609688 83.36869
594 61.65644 74.14348
595 97.61275 26.248545
596 9.708473 23.466988
597 76.98075 22.934885
598 83.179955 14.287125
599 11.907154 79.974075
600 60.05477 41.543068
601 37.165386 54.99397
602 17.103771 34.4917
603 68.24351 10.798908
604 91.42207 11.733875
605 2.3834534 82.95157
606 23.940475 55.18642
607 3.4882965 46.07364
608 46.89234 71.88594
609 11.701813 17.848904
610 48.76611 4.56765
611 68.14155 49.89656
612 10.96991 73.05089
613 73.243515 79.68162
614 13.115257 49.682987
615 93.616516 12.38237
616 25.385563 27.93092
617 49.225582 65.94654
618 43.4649 12.106483
619 81.88693 41.50647
620 62.563267 3.45644
621 16.427845 43.160236
622 59.328735 64.91137
623 72.12882 32.784557
624 87.70486 92.48947
625 69.32875 22.41637
626 14.204769 5.0898933
627 45.447723 76.920105
628 96.04636 44.95807
629 90.28003 66.91711
630 88.00034 32.573753
631 57.27256 74.49129
632 34.564835 58.209
633 21.79114 81.46653
634 21.588144 17.169693
635 12.597683 6.2120514
636 47.42307 41.89544
637 60.87859 9.286865
638 11.543095 7.293751
639 61.29045 22.54201
640 25.42471 62.146797
641 19.978287 36.696465
642 40.53241 43.36863
643 65.71533 46.77251
644 90.10263 52.906597
645 78.95553 44.218582
646 8.599743 23.140882
647 7.229542 32.50598
648 40.457947 79.194305
649 53.4585 41.33326
650 1.3179207 14.71019
651 26.988699 88.626625
652 95.29118 39.158512
653 19.964407 10.5761795
654 26.990538 76.10889
655 60.52494 9.436344
656 98.33951 93.376526
657 89.534225 34.7171
658 17.666851 74.788734
659 39.506367 77.81924
660 57.362347 52.810875
661 22.662563 44.78104
662 65.808266 23.458418
663 63.354195 16.097866
664 67.55945 18.857203
665 47.09678 93.374466
666 81.97839 5.80682
667 35.421947 6.737232
668 7.570801 31.61407
669 96.62335 33.78499
670 96.29625 10.252892
671 59.864685 62.939644
672 20.851416 85.24222
673 9.793255 35.818733
674 10.981358 81.591446
675 86.23244 87.92511
676 26.384552 51.084793
677 30.445818 60.853233
678 71.217896 62.379517
679 96.16227 91.7061
680 76.34199 93.92403
681 14.266167 91.83822
682 4.9591255 92.05553
683 85.40937 44.44688
684 99.3936 58.052177
685 31.113152 50.4926
686 80.96123 68.964775
687 16.240612 11.680275
688 32.75978 10.154572
689 89.011116 2.3770027
690 3.5280457 47.71682
691 63.695953 51.316406
692 34.15513 25.870804
693 71.60434 64.88945
694 28.28383 81.020836
695 15.410416 1.9528351
696 74.14625 23.61467
697 83.21129 27.637133
698 52.04691 87.09443
699 12.005638 78.45241
700 87.522095 24.699951
701 72.43802 72.77181
702 63.049465 26.67733
703 97.18161 61.42538
704 72.064896 44.75789
705 89.05638 34.52018
706 40.81377 14.782402
707 98.51827 75.511955
708 39.95237 85.773224
709 46.239697 60.792786
710 66.67814 85.8277
711 66.90654 69.67813
712 83.78798 57.687305
713 19.884398 88.6711
714 64.21001 40.4203
715 95.215546 78.46593
716 10.552017 47.195366
717 41.31936 48.00119
718 63.133987 14.082535
719 56.295643 55.918385
720 49.68091 55.474598
721 83.42472 64.40718
722 67.98851 60.28773
723 44.002945 88.64419
724 2.6881142 54.720535
725 86.01567 81.7253
726 86.37036 29.51772
727 55.237083 19.542107
728 31.259789 87.805016
729 39.01232 95.838715
730 73.72 31.246582
731 27.009022 94.16175
732 41.739235 98.18036
733 87.02945 66.2085
734 54.583946 74.74161
735 22.512667 27.036978
736 19.0383 47.94855
737 3.2052498 17.358746
738 45.929245 40.676933
739 25.959705 61.55157
740 98.709595 21.530407
741 96.85155 17.944061
742 97.13248 97.04897
743 99.14923 91.774475
744 35.05735 96.8824
745 9.359638 25.97159
746 12.980289 38.756924
747 31.974861 58.819366
748 34.934612 68.55367
749 67.85936 80.71518
750 74.8764 76.024605
751 44.059704 87.8624
752 17.192074 95.822266
753 44.100952 71.62265
754 98.97937 39.058674
755 52.958492 33.932014
756 1.7850609 77.36716
757 92.47445 29.451231
758 91.579285 11.6032715
759 32.22195 41.27812
760 59.066765 77.47044
761 2.9683456 4.404682
762 20.521313 2.4542923
763 44.10391 18.312351
764 19.55764 92.71326
765 27.672802 14.289825
766 76.55689 28.166555
767 49.487812 70.414085
768 7.790348 25.389292
769 15.314846 5.0733643
770 15.987785 50.184418
771 22.297083 28.000736
772 36.65796 29.410604
773 87.128586 43.863163
774 56.299522 96.981735
775 7.4740562 27.595278
776 90.54316 79.36469
777 31.003492 77.45131
778 49.466328 11.21796
779 80.285576 39.871834
780 24.251724 78.49359
781 45.92592 92.89563
782 88.242805 41.275787
783 41.877953 20.826927
784 47.903366 61.96817
785 80.9373 44.710915
786 24.350458 33.985615
787 68.48854 26.00175
788 1.34935 21.984386
789 95.49321 61.273773
790 43.536957 21.27593
791 79.2783 33.497192
792 31.035902 17.208298
793 66.04414 72.27843
794 70.82985 5.4774055
795 10.545536 65.33535
796 39.47329 50.098576
797 45.076637 76.70594
798 82.29021 15.275002
799 43.916122 69.54712
800 57.41984 23.919685
