900
1 84.25786 78.913216
2 59.619476 8.80106
3 35.41587 34.289886
4 52.466045 65.03198
5 8.443039 56.9912
6 21.367853 25.118372
7 78.710236 93.07711
8 14.480694 57.44084
9 66.69801 50.206196
10 78.19948 53.170036
11 43.511784 64.48023
12 25.711485 88.43636
13 38.10156 44.27735
14 58.849926 56.27775
15 70.21803 6.730961
16 63.53618 25.475044
17 12.646675 73.85375
18 40.504517 69.998085
19 17.371223 93.31372
20 54.456947 74.39346
21 26.625103 78.96922
22 40.62148 11.343899
23 25.409134 58.886726
24 32.965008 12.705074
25 35.70112 77.70116
26 37.438362 47.53973
27 87.09727 69.96823
28 1.9589577 88.531586
29 28.270235 3.9790993
30 23.333666 25.00355
31 64.27345 6.1630135
32 81.55489 56.11975
33 52.62168 95.6037
34 91.13964 60.639175
35 44.82042 95.570854
36 68.9843 64.94586
37 29.546394 3.8706741
38 64.6643 19.916224
39 31.482546 82.12656
40 51.205242 59.75304
41 46.760513 75.05714
42 6.3169556 25.745571
43 70.58333 93.48918
44 70.57771 60.85281
45 34.914894 12.552826
46 60.380474 52.17674
47 27.765743 1.6122475
48 51.146297 14.297764
49 31.84046 65.85308
50 47.520767 12.24054
51 75.60072 37.802845
52 19.498165 1.8158455
53 64.89732 6.524273
54 15.754047 18.680422
55 67.800095 4.6750298
56 48.472794 53.740112
57 32.951385 63.082836
58 57.371994 99.65317
59 90.71295 18.039112
60 44.48122 6.6788445
61 8.877426 46.923714
62 2.6035004 19.057226
63 34.523067 25.995346
64 17.555443 44.47684
65 35.134247 71.18008
66 58.789658 70.86939
67 32.579437 57.40677
68 58.393044 57.71988
69 37.27104 70.19459
70 8.11095 4.829979
71 41.239555 64.79647
72 37.331425 37.33969
73 4.4270706 5.6583786
74 11.2620125 85.24597
75 43.995434 26.178482
76 29.560692 37.487865
77 49.234524 34.914677
78 77.318535 64.01676
79 53.829605 17.022228
80 14.974361 95.22516
81 71.203545 2.7775116
82 89.61959 55.928925
83 63.24939 83.49992
84 97.10335 14.323315
85 15.907433 22.302414
86 94.38675 4.506874
87 89.46896 61.700665
88 89.290146 50.96454
89 52.325733 7.550255
90 63.088116 93.55118
91 69.5746 24.740278
92 68.72446 9.5298195
93 81.05109 44.858757
94 84.259285 29.694187
95 5.8496513 35.783653
96 61.027008 85.626785
97 66.65213 95.110794
98 36.057205 15.940811
99 63.363255 60.247757
100 5.6801796 83.825836
101 18.455635 19.312267
102 63.57714 34.823807
103 68.98225 13.141441
104 9.792843 30.54867
105 91.36466 92.69495
106 42.290874 81.64437
107 61.685257 64.1127
108 59.27059 65.68017
109 19.039665 18.78437
110 39.23289 79.13946
111 20.19983 40.958633
112 57.011574 69.65692
113 7.726967 65.81952
114 68.01054 73.916885
115 92.88161 43.70692
116 59.357216 54.43231
117 10.329193 21.828981
118 94.190254 27.418352
119 27.053032 68.48165
120 92.53261 17.226742
121 10.337643 92.15657
122 48.984936 22.664036
123 92.81924 78.70534
124 67.14276 25.610388
125 20.013853 13.525116
126 66.576004 90.99406
127 56.7343 80.16523
128 35.55623 88.729805
129 58.67788 1.6801491
130 34.631947 7.4350777
131 31.753613 2.268406
132 40.404526 82.296326
133 39.457973 26.052015
134 79.32029 40.935925
135 51.616283 45.966034
136 74.34926 96.663376
137 56.527218 37.600536
138 24.109053 3.3470268
139 66.57547 83.03277
140 9.272839 76.94224
141 34.937782 18.246906
142 54.594334 99.638214
143 39.34477 63.858788
144 17.768566 78.45755
145 22.22219 79.334526
146 82.971924 11.528
147 97.78711 28.2177
148 4.7852936 27.682804
149 48.288986 26.089928
150 45.77056 35.126343
151 49.171913 52.080868
152 96.60721 29.129015
153 58.329006 92.20407
154 65.64927 29.139696
155 11.454987 81.174095
156 26.99227 87.03374
157 18.354832 77.14543
158 65.74876 65.6063
159 30.379948 63.451687
160 27.238667 49.295647
161 30.65013 82.69928
162 67.493515 22.705238
163 68.853935 74.13049
164 7.9459877 87.27907
165 12.239841 84.47118
166 20.147568 46.038162
167 51.901 36.094788
168 8.137329 91.65502
169 24.06683 83.38469
170 3.3492126 62.335213
171 51.304497 53.283524
172 20.150724 42.51901
173 96.46767 47.2726
174 68.92489 34.738747
175 87.78987 83.95627
176 34.86528 53.159424
177 20.918076 29.194166
178 15.633747 50.27917
179 31.890518 66.10215
180 42.848614 15.63504
181 73.111885 99.81549
182 82.1459 39.856834
183 79.34263 57.636368
184 57.56722 42.7609
185 3.2374039 62.380615
186 60.700977 78.121414
187 71.38866 28.178032
188 95.49832 9.5025215
189 95.42232 56.13488
190 68.870346 18.268223
191 53.818443 21.015244
192 3.605175 5.829014
193 21.724894 32.330124
194 48.35088 67.1485
195 99.09029 69.81986
196 25.562025 42.729473
197 90.51761 1.6410675
198 49.42167 69.0307
199 7.2769203 34.558697
200 99.09068 73.85806
201 33.608086 16.503857
202 38.40335 81.16403
203 97.98866 47.871105
204 78.75889 20.068758
205 99.4696 98.24404
206 90.19925 63.375423
207 37.272987 47.256813
208 17.636833 33.405807
209 92.65466 17.75595
210 52.875114 85.65457
211 80.79025 21.712734
212 19.970676 95.21336
213 86.3323 3.9905396
214 50.357025 9.635448
215 24.909933 50.177822
216 2.109459 88.199585
217 60.3595 36.363113
218 83.45268 44.135143
219 41.794495 31.786556
220 29.294504 69.56458
221 45.080383 24.654451
222 46.83614 39.45276
223 61.15496 82.27376
224 36.705883 16.413788
225 83.0889 43.85148
226 14.225601 8.313389
227 57.26491 25.214884
228 89.22003 52.509296
229 81.26364 58.289127
230 10.2719345 38.00512
231 47.47256 12.474285
232 23.416782 78.17871
233 67.83427 14.913376
234 77.92167 35.582558
235 10.258701 3.4846573
236 35.646343 78.97068
237 29.340038 98.69275
238 3.2893639 87.05467
239 28.43607 96.33945
240 19.412518 22.144678
241 60.145912 99.50871
242 1.4919205 30.80379
243 57.4215 12.669861
244 17.351883 39.05653
245 5.260105 10.595829
246 34.766804 80.79323
247 64.1433 82.078674
248 24.685648 31.461594
249 87.39992 10.078949
250 23.36959 97.36318
251 31.402508 24.464182
252 41.200897 38.659645
253 71.17924 95.16027
254 76.60655 22.350403
255 2.7738495 90.21098
256 81.872955 46.54969
257 76.98375 5.343239
258 84.16322 65.43785
259 90.53332 74.71817
260 4.9347763 40.443176
261 28.44944 26.878738
262 95.979324 77.366806
263 16.364185 84.98293
264 68.97113 98.25726
265 20.241627 3.012947
266 61.655502 72.32294
267 41.61976 95.04619
268 52.365917 87.81377
269 36.721367 94.77716
270 35.452587 63.19877
271 21.445322 16.08406
272 71.68208 71.61597
273 10.5961 50.511982
274 90.54672 50.639317
275 10.925957 32.64527
276 13.324764 59.158863
277 18.794346 88.9633
278 75.48877 2.812374
279 12.860226 72.33075
280 5.384632 78.603096
281 95.071655 64.79279
282 36.25207 47.155224
283 76.37 37.442894
284 65.13381 41.60737
285 85.01312 31.315102
286 75.05523 22.538702
287 34.43096 11.839096
288 41.2369 67.191444
289 5.644787 5.152584
290 22.297861 97.410095
291 40.624386 42.09247
292 12.639248 17.691055
293 92.73465 78.932335
294 34.889843 36.569378
295 18.644184 32.094116
296 94.11553 73.954865
297 24.087639 93.7073
298 47.112785 17.669327
299 78.49255 99.277176
300 47.454754 25.352436
301 59.800457 66.98446
302 41.549454 62.272285
303 54.753872 96.70208
304 8.937744 48.508617
305 98.09808 94.61055
306 87.238716 80.004944
307 87.92618 48.27925
308 76.3255 57.814735
309 52.373886 23.640202
310 71.36128 86.20588
311 37.69409 21.162218
312 58.59752 60.67559
313 46.136795 17.068733
314 95.41856 53.653893
315 1.3949738 68.34034
316 17.420383 69.450966
317 19.686796 33.66561
318 77.45024 49.749836
319 72.19568 67.29417
320 70.46322 61.424366
321 24.214842 50.473175
322 71.19169 55.899208
323 62.30772 11.748745
324 45.33262 84.527054
325 43.783012 37.040047
326 97.444534 79.94177
327 52.001427 94.16583
328 50.82428 28.56238
329 12.099991 29.653315
330 75.32469 90.70706
331 26.78783 28.821608
332 44.111153 45.27426
333 75.30668 72.162895
334 46.426914 96.74907
335 62.60871 78.51637
336 44.337875 53.20645
337 80.38525 89.66248
338 90.483826 54.913456
339 71.19214 85.63786
340 36.50879 87.62734
341 88.54784 3.2915115
342 76.73545 72.38951
343 72.08213 9.008858
344 16.113224 81.5714
345 85.86581 75.29556
346 73.67246 3.9960861
347 28.653715 7.4590645
348 55.64589 61.83609
349 17.007298 59.277393
350 73.30954 7.485443
351 64.15194 24.212225
352 31.984127 19.886375
353 44.950546 55.311966
354 88.51939 71.99187
355 75.526825 84.31207
356 47.475437 72.32006
357 99.268005 30.76338
358 29.848362 50.839592
359 94.52562 45.84035
360 58.948494 50.917206
361 52.446976 40.06375
362 44.71906 75.14202
363 25.486235 29.674595
364 89.87375 21.322943
365 72.53681 95.121056
366 23.13816 88.17145
367 39.340134 44.303566
368 92.37698 4.357815
369 20.65351 78.01602
370 17.429764 63.36309
371 48.927734 6.1232224
372 88.60954 65.84897
373 4.382519 31.66786
374 72.697235 3.0076294
375 79.83115 49.173714
376 52.71496 20.764534
377 17.39143 53.286343
378 41.68605 4.691246
379 66.877014 29.699741
380 5.8366737 28.671497
381 12.991646 23.45286
382 90.11034 30.841476
383 15.935299 2.6528893
384 97.66092 22.125002
385 1.0520973 77.208755
386 98.97126 36.829453
387 29.566063 23.569103
388 81.30044 36.107952
389 4.4307365 22.083721
390 71.32521 47.813126
391 1.4621162 87.60026
392 58.00058 35.418198
393 63.784893 69.48872
394 32.721226 45.070206
395 41.27599 99.558525
396 73.34754 83.38023
397 85.23308 76.14876
398 42.658688 64.46905
399 64.772835 32.281242
400 4.211735 52.47716
401 71.41374 37.959896
402 68.35225 45.479935
403 77.25145 3.1527061
404 96.17226 39.04888
405 29.879583 81.57666
406 33.987007 93.31145
407 14.319733 8.98637
408 3.5477066 61.90494
409 97.36 90.58668
410 69.56262 3.7764816
411 63.94096 18.642544
412 1.0375519 57.156967
413 53.22671 63.038506
414 97.84425 89.862595
415 5.002571 70.653854
416 21.584324 43.710346
417 67.850296 59.47757
418 2.0167503 59.605064
419 97.36564 5.017193
420 33.49429 67.11305
421 57.57089 59.64309
422 92.249306 56.34193
423 82.06389 8.119335
424 82.541534 34.91929
425 63.478912 89.57535
426 84.194405 97.22109
427 71.32049 45.729343
428 51.54392 25.889755
429 23.894987 88.63679
430 11.619499 96.504364
431 71.896255 3.9416351
432 40.80149 58.5486
433 97.98903 69.05178
434 94.941925 34.968166
435 28.814453 33.94119
436 26.709038 17.14378
437 84.034836 56.681316
438 59.76708 61.94879
439 99.369545 37.149643
440 51.290516 12.225479
441 95.87121 4.2449493
442 4.0763397 38.363636
443 56.835827 95.60322
444 39.838802 71.430115
445 91.99124 52.596157
446 21.100754 61.10111
447 93.26451 33.647717
448 18.988264 99.02585
449 82.12402 50.428337
450 63.95449 72.48245
451 84.23935 6.868675
452 90.84773 40.1187
453 58.650425 98.46762
454 9.456978 85.77528
455 66.74835 72.32236
456 53.64311 37.67565
457 62.95668 46.038605
458 90.87704 22.040636
459 44.828907 79.489136
460 57.57898 22.529238
461 57.791653 64.546005
462 53.227238 93.812515
463 16.733826 53.92117
464 61.84771 73.31666
465 98.105156 61.08551
466 28.183271 36.152992
467 25.995293 79.71946
468 24.64256 55.370644
469 80.516846 46.76724
470 48.128387 14.617558
471 16.979767 37.21254
472 29.897093 16.80442
473 57.169373 80.6685
474 38.202377 58.132813
475 91.47917 67.6389
476 40.272465 11.147808
477 73.96396 65.77508
478 47.29985 79.598366
479 66.10857 94.237976
480 72.28592 79.02236
481 32.45968 18.030243
482 23.514893 33.56799
483 37.568527 90.88231
484 92.09569 46.387028
485 94.4939 78.62995
486 23.727215 40.444813
487 54.24165 10.361404
488 91.56133 11.345547
489 47.66446 85.94924
490 82.08669 75.16361
491 76.690926 35.020355
492 54.91007 5.060791
493 13.744366 16.944862
494 99.182594 88.71739
495 98.89993 44.465446
496 17.128437 49.665085
497 51.01181 2.1591148
498 3.1602173 24.439007
499 6.1651535 99.04338
500 7.795109 82.09856
501 86.176506 16.460213
502 73.12554 62.374542
503 36.16656 17.482952
504 18.566483 94.12608
505 80.10586 63.257362
506 52.25183 50.994858
507 77.52543 21.490393
508 39.111984 8.037453
509 85.2904 33.151314
510 95.66737 44.70538
511 27.978416 69.41532
512 60.844048 72.382034
513 13.135891 94.45747
514 42.91948 31.022478
515 8.846092 60.312096
516 87.85766 21.260883
517 57.024784 37.66111
518 6.6428337 60.302082
519 65.650406 43.133892
520 3.825508 38.96718
521 32.45533 93.81186
522 19.615381 45.038414
523 76.94056 61.866196
524 47.553158 18.569695
525 65.784 3.9106064
526 62.790085 31.34788
527 20.792793 92.347626
528 38.294636 45.450314
529 47.171253 28.540112
530 47.42233 62.047626
531 74.825386 27.685759
532 53.805714 69.8187
533 27.882315 47.118557
534 88.876724 90.88568
535 57.141926 88.03052
536 13.958942 17.577122
537 93.19715 42.101173
538 51.50029 53.26177
539 67.97667 13.964577
540 68.12492 75.08168
541 85.631325 60.197174
542 23.247965 17.37098
543 14.796612 94.26012
544 72.04855 65.9991
545 61.3363 6.424385
546 1.0826187 55.779224
547 2.0933304 78.60838
548 98.60131 19.247545
549 66.26454 21.794981
550 20.699505 77.12409
551 88.741 97.68756
552 12.844006 40.803555
553 69.75776 46.625866
554 43.263687 79.57803
555 47.11687 69.22208
556 76.15574 33.25615
557 39.17994 52.63214
558 20.00379 26.045063
559 54.433838 12.296593
560 73.529236 18.04509
561 90.0405 91.132065
562 35.257072 93.71542
563 39.661297 12.428089
564 64.873665 31.19062
565 40.60086 91.2811
566 97.16737 98.11013
567 82.45298 44.027542
568 58.019512 97.59273
569 25.302198 95.351776
570 15.805634 41.64971
571 83.22106 7.66407
572 71.27504 71.22157
573 29.631222 26.938608
574 48.750916 19.75565
575 52.743896 13.38287
576 41.828365 20.525175
577 93.1133 26.392082
578 36.235596 70.11771
579 14.448006 25.647131
580 94.48914 78.00533
581 77.15689 89.65286
582 29.906448 79.29291
583 59.867424 56.26856
584 66.560524 52.45396
585 57.962566 22.459167
586 67.52437 77.97196
587 93.836075 17.54068
588 21.779507 8.109589
589 80.656746 68.73306
590 87.85797 16.041428
591 49.52186 24.253063
592 59.524532 78.1873
593 31.451988 72.278946
594 43.21631 50.80894
595 29.426344 88.39099
596 81.32933 34.96781
597 38.589794 30.307798
598 83.720726 11.175587
599 26.866714 7.293392
600 40.054214 32.856125
601 22.00617 83.471954
602 24.38851 60.03344
603 62.49541 49.963062
604 11.027321 93.900536
605 72.50403 17.08751
606 40.85205 9.037128
607 31.927456 73.696236
608 74.13156 83.87847
609 82.82573 68.792786
610 42.271732 81.13922
611 76.72805 12.038433
612 66.12812 80.701614
613 25.80354 72.08886
614 90.33627 78.0555
615 21.553612 38.994522
616 70.70198 17.314556
617 7.2308083 50.39231
618 9.602375 93.68114
619 88.52423 91.268585
620 46.33591 12.913967
621 76.029396 90.08591
622 13.862469 23.229336
623 81.201416 53.824974
624 5.4941216 4.7965508
625 46.85022 44.389557
626 59.543922 21.118412
627 56.068592 95.61311
628 36.154243 90.81459
629 87.17585 75.84475
630 24.38064 16.239681
631 68.55339 62.11644
632 48.84146 68.4678
633 55.672623 97.8553
634 16.3158 11.430878
635 39.20084 25.202345
636 25.420378 11.467476
637 45.580006 50.906395
638 52.974583 7.6038475
639 88.307755 93.460236
640 42.068874 26.701569
641 50.63194 50.60439
642 70.07892 9.634884
643 52.666718 42.06757
644 35.84185 96.44389
645 69.63822 96.99748
646 61.794 40.50859
647 16.07145 41.78795
648 73.44948 39.054893
649 29.224323 45.512684
650 55.46362 72.56578
651 44.674713 58.87722
652 99.084045 60.738567
653 96.78475 42.468044
654 10.078323 1.1985168
655 20.610764 43.512077
656 38.74829 50.328438
657 60.996536 32.69053
658 19.087572 99.02374
659 58.38675 25.554186
660 73.753494 22.276949
661 27.741503 20.676977
662 96.19058 31.808424
663 77.29118 49.604702
664 43.897697 89.227875
665 67.46623 47.387417
666 57.02574 22.059248
667 13.5153885 27.51539
668 50.439594 62.851753
669 50.274734 99.867195
670 14.116337 27.590944
671 10.422035 37.083164
672 26.827589 52.715878
673 80.42221 99.09627
674 54.860638 30.837921
675 37.36901 63.674007
676 15.357201 66.958206
677 43.56204 39.27774
678 40.097298 28.583658
679 9.191265 36.159798
680 13.802044 95.22539
681 27.54451 30.435593
682 41.339096 47.293293
683 35.89721 86.699326
684 80.4134 81.493126
685 94.0721 14.790867
686 38.882767 56.386818
687 83.87756 87.54471
688 50.04034 81.55142
689 48.43704 30.674356
690 36.077892 16.271538
691 21.960808 18.204308
692 79.50046 69.866035
693 91.52935 56.96215
694 44.609047 28.296436
695 45.187656 97.083664
696 13.08847 33.737732
697 55.968987 45.327408
698 30.302044 23.089113
699 22.935991 21.961285
700 78.81119 73.79059
701 93.74295 69.06139
702 7.7933426 43.5567
703 42.67015 59.853836
704 47.662613 44.332363
705 21.049236 91.661156
706 33.709045 36.022728
707 67.10865 93.91807
708 49.339214 5.241543
709 92.5264 84.370926
710 19.573915 2.5171928
711 24.326284 21.516048
712 47.597992 78.98888
713 38.980247 3.571453
714 96.441574 92.56441
715 81.68332 52.93577
716 86.25221 33.32413
717 92.26184 44.38527
718 46.829197 9.284763
719 1.0507889 73.882645
720 98.70415 53.540306
721 91.383484 54.24643
722 46.869724 47.064034
723 18.855188 85.980576
724 55.03239 11.26862
725 42.88079 91.998535
726 34.22239 44.354332
727 76.18405 18.774658
728 77.895004 9.214428
729 35.60603 87.423676
730 22.719357 67.03464
731 30.067877 77.01572
732 98.58526 52.496155
733 82.148674 8.758144
734 21.206755 76.3327
735 91.49243 34.36798
736 50.74112 3.508175
737 96.48121 70.75144
738 73.94973 39.952858
739 14.174892 29.970991
740 67.44047 68.19358
741 62.407917 62.41231
742 9.525093 84.32608
743 56.733147 1.3791847
744 8.760246 68.045685
745 94.32121 13.324635
746 44.029194 18.925915
747 80.530624 32.372196
748 24.297937 33.04171
749 28.831583 16.321537
750 68.43964 21.355635
751 29.88544 44.993374
752 56.936928 59.312714
753 78.87698 71.84868
754 41.486576 23.067383
755 55.38661 38.15544
756 68.92673 49.35861
757 95.249886 76.688835
758 65.81629 68.84274
759 27.70067 56.928207
760 45.412964 32.00114
761 72.12537 88.21669
762 14.291241 68.09271
763 81.34116 41.028973
764 15.810047 6.9436874
765 63.324726 59.11634
766 52.258892 90.061844
767 59.878437 53.468384
768 75.9451 41.831207
769 36.12521 20.657856
770 99.56093 22.63827
771 12.81065 51.52064
772 54.587093 67.728836
773 55.853188 82.074615
774 12.584419 10.686916
775 74.48811 75.85317
776 28.476675 65.54826
777 95.53465 93.11934
778 30.905312 99.70888
779 15.476913 79.372574
780 60.692562 12.654663
781 2.0006218 96.99474
782 86.290985 74.44411
783 44.035053 12.026115
784 44.228756 74.63898
785 7.281372 50.31181
786 38.168324 35.097565
787 30.467125 98.2416
788 99.27911 80.50866
789 4.4350395 33.123016
790 33.861855 12.324554
791 15.140751 59.738167
792 52.374287 76.94646
793 70.25823 32.0132
794 72.29257 81.74635
795 29.80251 45.350674
796 65.96643 51.82678
797 92.77955 6.7958183
798 68.45427 59.154083
799 41.736378 8.158028
800 66.66216 94.307465
801 79.87905 89.4242
802 52.419632 97.72389
803 54.431538 9.6640625
804 38.273273 22.023504
805 90.77209 1.2121925
806 32.50924 87.60722
807 7.414051 88.47078
808 1.3545837 54.891754
809 33.14637 96.56038
810 72.58182 13.228592
811 31.527233 9.148537
812 58.57579 83.7652
813 9.750858 75.70128
814 76.03238 98.759796
815 17.915478 90.05618
816 71.11299 84.02927
817 91.31589 34.926895
818 8.415779 58.119408
819 43.880882 10.197781
820 7.2507706 14.740803
821 59.273056 62.994473
822 44.366726 42.027905
823 49.13086 92.89234
824 71.65518 64.98322
825 54.629375 46.6505
826 51.525955 78.317566
827 61.254177 52.901253
828 50.79561 14.444172
829 45.60425 51.533333
830 74.14606 42.53907
831 67.22254 24.847797
832 78.57527 76.561935
833 51.014652 23.192492
834 17.515823 53.829994
835 19.536905 43.327568
836 67.20041 20.603102
837 36.916588 7.81353
838 77.08848 24.468224
839 68.06719 22.932781
840 3.327774 88.9955
841 5.2104416 95.392654
842 25.563734 18.883535
843 20.736095 38.85099
844 1.9078217 20.089312
845 87.23264 74.423164
846 27.181341 27.022308
847 71.2285 9.486923
848 97.926254 48.373642
849 70.79232 84.80453
850 43.176804 66.61895
851 69.84705 49.97981
852 41.58165 62.081596
853 15.763409 82.250916
854 84.75372 52.49449
855 70.21938 91.68405
856 42.149925 85.13782
857 51.274647 52.98662
858 44.690666 62.18872
859 6.6419907 31.85255
860 81.3208 87.098236
861 70.78583 54.708847
862 82.77002 16.085598
863 44.76691 84.882996
864 98.538055 42.005917
865 65.99936 93.10466
866 68.58382 52.87087
867 95.954926 64.84464
868 30.815588 41.00389
869 86.75786 38.296047
870 74.86426 27.332207
871 78.2856 17.297646
872 22.639946 72.71451
873 14.45726 70.32604
874 35.311707 78.963036
875 81.46559 61.355507
876 92.89909 64.61129
877 61.993286 73.18571
878 96.132645 4.5054092
879 82.57384 75.04899
880 7.46896 37.633396
881 86.96295 46.21174
882 16.122162 65.26247
883 85.73419 34.039314
884 28.190283 55.5605
885 82.963196 95.44917
886 53.687336 75.46217
887 67.01281 4.277508
888 92.38983 37.308792
889 79.84167 49.271324
890 9.192829 65.754776
891 30.611883 55.288353
892 62.483097 81.892845
893 4.632057 99.118706
894 59.842037 80.04637
895 60.69545 17.390083
896 37.539032 90.38768
897 75.632576 19.664871
898 48.210682 62.50128
899 27.556488 50.446953
900 85.359024 92.36928
